NDVI-HI Matrices/GreenMatrix13.asc
ncols        129
nrows        129
xllcorner    0.000000000000
yllcorner    -129.000000000000
cellsize     1.000000000000
NODATA_value	-9999
[rows 46 to 91 of 129, columns 0 to 95 of 129]
94 90 89 88 85 88 84 87 89 90 83 83 84 82 74 63 53 51 40 38 37 42 46 50 45 33 22 28 43 59 73 83 87 83 82 82 77 69 61 55 54 51 56 47 59 59 70 78 72 69 55 45 28 28 16 7 6 4 3 4 4 6 6 3 4 11 31 30 29 28 39 33 27 27 26 29 26 32 30 29 45 56 52 55 47 59 53 65 67 80 76 73 72 72 69 62
92 91 85 85 88 84 85 83 86 85 85 83 86 85 83 84 81 76 74 50 58 64 57 55 53 51 40 55 59 54 69 75 85 81 83 84 80 72 74 71 72 73 68 61 63 66 66 67 68 67 74 68 56 40 36 24 8 10 8 9 8 11 17 39 51 64 51 56 62 64 53 51 49 48 33 30 25 34 43 37 58 74 73 65 64 74 71 80 80 82 78 78 78 80 84 72
91 90 81 82 86 82 81 87 84 87 90 89 85 86 86 83 88 86 84 78 81 76 75 68 70 75 68 75 77 77 84 84 85 77 75 77 80 70 74 81 93 95 87 86 76 81 77 75 75 75 74 73 74 74 67 31 18 8 8 7 9 14 17 40 65 71 71 69 71 75 62 63 67 56 57 40 30 46 74 75 69 80 78 81 81 81 82 85 79 78 79 79 79 79 85 81
88 81 79 81 86 87 85 86 88 88 90 89 88 83 85 86 87 86 83 86 82 79 80 75 78 83 81 81 77 85 85 84 85 80 77 79 77 70 73 86 95 90 86 85 85 80 82 84 75 76 71 68 58 55 60 26 14 10 7 16 12 19 22 49 63 64 76 66 61 74 66 64 66 63 60 45 78 83 81 89 88 86 87 86 83 82 79 84 79 77 76 75 83 86 80 77
84 81 80 80 84 87 85 85 85 89 90 85 83 80 80 82 85 89 90 84 84 81 77 78 79 82 78 81 80 82 86 91 87 89 91 88 83 73 81 90 94 93 90 83 79 86 87 90 94 93 89 89 92 89 90 85 69 59 25 11 12 33 40 75 76 72 74 59 64 66 68 73 51 56 69 77 89 89 91 92 89 91 93 87 84 83 88 85 84 83 80 77 73 79 77 72
83 87 84 83 84 86 87 85 88 88 84 82 77 78 79 80 82 88 86 86 80 81 82 77 78 88 84 82 85 89 91 92 91 91 92 94 95 88 83 85 89 89 93 87 90 93 97 99 99 95 90 90 93 93 90 85 59 68 52 42 10 31 71 78 79 76 74 72 68 62 56 63 70 87 74 89 93 92 94 94 94 93 88 89 80 84 82 79 71 81 80 75 79 82 77 78
80 86 85 79 82 88 88 92 90 88 85 84 84 83 87 88 87 84 85 86 81 81 79 76 80 87 87 85 87 90 86 86 85 96 94 88 88 93 89 87 92 92 95 96 93 99 100 99 96 94 88 93 86 92 84 90 83 68 65 59 41 22 84 80 79 76 72 75 80 67 78 64 93 96 86 88 96 95 96 94 94 94 85 85 86 86 82 80 82 80 75 75 79 80 84 88
78 71 91 93 91 93 92 94 96 92 93 91 94 82 84 88 85 76 78 85 84 87 85 83 77 87 84 96 94 98 91 86 85 91 89 90 95 90 68 64 93 93 83 89 89 95 88 87 87 88 85 74 85 87 94 90 85 79 81 80 89 86 80 79 85 68 83 77 75 47 77 91 93 98 98 99 101 91 92 95 96 92 88 85 88 85 81 75 72 79 75 75 81 81 83 83
92 95 95 95 94 92 95 98 97 99 94 96 94 90 88 85 87 86 83 88 89 92 87 89 90 86 92 93 95 90 83 82 87 85 82 81 91 88 80 84 96 86 88 91 80 94 84 95 89 83 95 93 91 93 93 89 84 83 78 85 87 89 86 75 81 85 84 87 59 59 88 93 88 90 94 97 96 99 95 92 92 89 90 89 89 85 81 83 79 76 80 83 86 85 84 84
99 101 96 99 98 94 86 95 99 99 94 98 94 91 90 95 94 88 88 88 86 84 89 88 91 94 95 102 93 82 75 74 82 89 89 88 89 90 93 86 92 90 89 89 86 87 82 83 83 98 99 96 94 94 89 86 84 83 84 93 91 83 87 87 84 90 79 79 63 87 93 90 93 89 94 95 97 97 96 87 91 89 91 80 74 83 85 82 84 86 86 85 85 83 83 86
96 92 91 94 99 100 95 95 96 96 99 94 93 92 98 98 92 92 98 76 83 96 100 101 95 86 85 84 62 70 57 69 85 90 85 90 92 93 90 89 91 88 91 93 88 92 87 93 89 93 89 93 90 85 89 85 94 97 96 94 97 76 76 91 79 88 83 78 58 93 96 94 91 83 94 95 99 94 84 90 93 97 94 93 90 86 85 88 83 90 86 88 83 82 92 86
91 93 88 91 93 100 95 84 92 96 89 95 107 97 85 81 92 92 95 95 94 102 101 98 95 93 86 86 87 61 67 86 85 89 83 85 88 90 93 92 90 90 99 102 101 97 98 103 98 99 94 92 87 86 95 105 104 96 90 92 94 86 83 95 86 89 86 66 86 88 92 94 94 94 94 96 93 97 96 94 94 96 100 99 97 92 90 89 88 89 94 87 85 87 89 97
97 96 84 95 98 94 95 90 90 97 94 99 102 102 97 89 94 99 99 96 101 99 99 102 93 91 91 70 73 72 72 82 86 88 90 94 83 89 92 86 87 89 97 99 96 88 95 93 90 92 89 85 86 97 98 103 96 100 98 95 97 88 90 92 86 93 88 75 91 85 90 90 92 92 96 96 95 97 100 97 95 97 100 95 92 92 92 92 92 93 93 85 86 84 87 97
95 98 100 94 85 98 99 88 84 92 87 99 91 93 99 98 89 96 100 102 101 96 99 98 95 64 43 56 81 85 84 86 84 89 87 81 80 80 81 65 83 89 93 95 99 98 94 93 95 91 89 87 97 100 100 96 101 103 104 97 101 97 96 96 91 83 77 68 87 80 92 98 93 91 95 96 98 97 98 99 99 95 93 95 95 95 96 100 100 88 96 89 91 84 92 95
96 92 99 86 88 89 86 69 91 95 86 85 87 93 92 109 101 105 98 97 80 87 96 90 49 50 37 53 69 88 85 88 89 88 83 89 82 76 79 70 84 87 99 102 104 101 85 94 89 87 92 96 99 96 101 103 102 103 105 99 97 81 71 94 91 94 82 72 96 92 88 97 96 97 95 98 101 95 96 100 101 97 95 98 94 98 101 99 99 99 93 95 91 92 91 94
89 94 91 90 96 90 87 89 67 90 95 85 98 104 108 105 99 88 70 80 98 98 88 78 77 77 61 78 93 95 93 91 75 81 75 90 92 85 85 84 89 94 94 95 100 99 93 91 90 95 100 100 101 101 102 98 97 101 103 102 94 92 86 97 97 95 65 89 97 96 85 94 99 98 101 98 99 99 99 100 100 99 99 95 98 97 102 102 95 99 99 93 96 90 89 92
86 90 86 90 92 96 91 89 97 97 91 94 103 105 100 98 101 103 85 47 87 93 102 98 80 91 95 94 95 92 95 88 86 89 92 94 90 89 87 83 75 94 104 88 92 95 93 87 95 97 96 94 103 101 99 98 97 103 101 100 98 93 94 98 97 91 80 96 97 95 98 96 101 102 98 103 100 98 99 100 99 99 99 98 96 103 101 105 103 100 98 97 98 95 90 89
79 89 93 96 96 93 93 86 71 96 99 95 98 81 99 98 99 96 104 99 99 95 99 97 98 93 88 73 62 89 93 92 94 95 97 95 92 89 93 93 73 100 94 99 95 89 91 97 100 92 96 101 103 98 102 102 102 104 100 97 87 90 97 90 77 73 86 94 99 95 97 99 100 96 98 101 100 100 99 100 99 99 99 98 98 102 104 102 104 102 99 97 96 96 96 95
90 79 93 103 100 101 94 91 39 60 91 101 98 86 91 96 105 101 102 90 95 100 101 99 89 95 99 102 88 94 90 99 94 89 87 96 97 97 91 96 93 98 92 94 88 90 96 98 98 99 101 100 99 102 104 101 101 90 90 95 95 101 101 91 75 87 100 95 98 97 97 98 99 99 100 98 99 99 99 101 100 98 95 96 101 102 102 103 104 101 100 93 95 98 96 95
89 86 97 102 95 95 99 101 87 78 73 87 94 100 97 84 102 103 99 89 79 82 102 103 96 94 107 103 95 95 93 92 94 93 98 92 94 93 99 98 101 97 93 88 96 101 97 98 83 92 103 104 101 103 105 103 98 99 100 100 97 105 103 96 97 80 104 94 92 95 99 95 97 97 97 97 98 98 100 102 101 98 103 101 99 103 102 104 100 100 101 97 96 93 94 97
82 91 102 108 102 98 100 101 102 99 101 82 82 89 93 102 102 108 105 100 109 110 109 108 96 98 91 88 87 61 91 92 94 100 102 94 91 90 98 96 96 96 99 102 104 99 86 91 99 96 100 99 102 104 98 87 83 82 99 99 102 102 99 86 73 97 90 87 94 96 96 93 97 100 100 99 98 97 101 102 102 99 99 102 105 103 102 100 101 99 100 99 98 96 88 80
82 90 94 102 110 100 99 97 97 74 85 107 91 94 94 99 104 103 97 99 107 106 104 108 108 99 91 102 105 101 98 92 95 101 103 100 94 94 96 87 94 95 107 103 106 109 84 83 92 92 101 103 101 101 91 80 95 88 86 100 102 101 104 86 90 91 87 86 96 95 95 94 95 97 97 99 100 99 103 103 102 101 101 102 103 99 100 101 99 99 99 98 98 90 94 97
89 95 94 101 105 103 104 99 106 101 101 94 87 86 104 98 98 111 108 102 86 65 85 109 108 101 99 97 101 100 87 92 102 93 100 97 100 97 104 97 92 105 94 99 103 105 101 101 104 105 106 103 100 98 91 87 99 93 87 83 89 99 93 94 92 94 94 88 98 95 95 95 97 98 100 99 99 100 103 103 103 101 97 101 98 98 101 100 103 100 99 98 94 84 90 91
85 83 92 103 101 98 103 102 102 102 102 95 94 102 102 106 104 110 107 106 69 73 95 107 106 103 106 102 92 90 101 97 101 101 98 96 77 89 93 95 96 95 106 103 104 104 96 97 98 101 105 102 99 100 99 69 96 95 108 90 102 100 95 92 91 94 94 91 92 97 90 98 97 99 96 97 99 102 103 105 105 96 98 95 102 102 101 105 103 99 98 96 96 91 95 96
83 83 92 110 106 97 99 104 110 102 95 89 94 103 104 106 99 103 98 97 101 103 106 99 97 88 95 96 99 85 102 107 101 92 79 104 100 96 95 100 96 92 96 95 99 99 99 99 96 100 103 99 97 96 88 82 93 96 102 101 95 97 101 94 95 96 71 87 94 87 95 97 97 96 96 96 101 102 104 103 102 97 95 100 99 96 100 97 104 99 98 98 97 89 98 96
96 81 97 106 105 101 103 110 108 107 100 100 98 99 97 102 103 103 90 99 106 106 99 105 112 102 96 90 87 101 97 99 97 103 102 104 101 98 98 96 91 100 99 100 99 103 86 67 96 102 103 99 101 93 80 69 98 94 103 105 92 87 95 91 93 90 77 84 91 94 98 96 94 94 96 95 98 101 103 104 103 97 101 100 98 103 103 102 101 101 99 101 94 99 97 95
86 95 97 100 98 105 103 106 108 105 109 96 101 105 106 105 104 99 102 103 104 106 103 107 102 105 104 100 110 97 84 102 100 104 109 107 102 102 95 88 96 104 104 108 105 105 101 102 104 102 100 101 101 95 81 78 93 97 97 94 93 84 89 98 101 97 95 92 90 92 94 90 94 96 97 94 101 100 101 99 100 100 98 101 101 104 101 100 100 101 98 96 92 98 96 97
86 91 94 102 104 106 103 99 105 106 104 97 93 100 102 102 106 101 86 94 106 104 101 103 102 98 96 101 104 97 98 92 98 107 107 106 99 100 92 104 104 107 105 99 103 103 91 95 104 105 103 100 91 92 93 81 92 103 96 99 90 98 98 99 97 93 93 86 93 92 92 93 93 96 100 101 99 99 100 100 103 103 101 103 103 101 102 101 99 98 98 85 95 95 97 96
89 92 91 100 108 105 101 100 98 97 64 85 107 103 102 105 109 113 100 103 102 96 88 106 100 95 96 98 100 92 98 103 109 109 106 97 97 96 106 109 108 110 108 104 108 111 105 107 99 97 100 103 91 97 98 62 84 99 104 100 95 100 101 98 97 95 95 96 94 96 98 94 96 97 100 101 100 101 101 102 103 105 104 102 104 102 100 103 102 103 98 93 91 96 98 106
88 95 102 105 110 103 97 100 102 110 96 96 103 106 103 99 100 102 101 104 104 104 106 106 112 107 106 108 107 98 92 107 107 90 103 98 102 98 110 108 110 110 103 104 104 110 105 106 100 87 98 98 91 101 107 78 65 104 105 101 93 68 86 99 96 86 92 94 93 94 98 98 95 96 98 100 101 103 102 103 105 102 102 104 103 104 99 101 103 103 102 96 95 93 93 99
92 97 105 108 107 108 106 109 108 106 107 99 97 105 101 98 107 101 107 106 105 108 103 102 104 107 104 106 107 103 105 100 101 103 108 105 104 98 97 98 102 105 105 103 110 109 113 106 109 109 104 98 88 102 105 93 64 103 101 93 99 101 91 97 92 91 95 92 96 92 99 104 107 102 103 100 100 105 104 104 106 105 103 102 98 98 103 102 102 102 99 92 101 99 92 99
88 102 107 104 108 112 107 104 105 97 101 109 99 102 105 107 109 111 107 110 110 107 107 108 105 102 101 106 107 108 98 97 98 107 108 111 107 95 101 102 99 103 106 108 102 93 104 109 107 107 104 91 100 103 110 98 62 102 103 97 99 94 88 99 98 98 96 94 97 98 97 98 102 105 103 101 103 101 102 102 105 104 103 102 101 100 98 102 97 100 99 97 100 98 96 89
92 100 109 111 107 111 115 110 116 117 111 114 105 99 109 111 109 100 104 106 110 107 105 104 109 107 105 108 105 102 100 99 99 108 104 100 99 91 103 102 93 101 103 105 110 112 107 106 109 102 94 96 102 107 110 97 70 100 102 103 99 104 104 98 88 87 83 93 97 98 105 101 103 108 108 105 99 100 103 106 102 104 103 102 101 98 101 100 101 99 98 96 96 95 100 99
96 99 102 93 97 99 110 112 112 112 110 109 109 107 108 111 111 112 108 108 104 101 110 111 112 112 113 110 109 108 109 101 104 106 107 108 105 96 107 108 103 105 105 106 103 112 108 104 108 101 95 107 107 106 104 94 71 99 107 104 101 103 105 96 93 91 92 91 96 92 105 106 108 107 105 102 100 101 103 103 105 104 106 106 103 102 102 100 100 100 101 97 93 98 98 100
99 88 89 88 93 102 106 105 113 109 110 111 108 105 111 109 111 112 113 103 108 110 112 115 111 111 111 113 108 110 109 107 101 110 107 111 102 98 107 108 104 104 108 103 104 108 106 110 115 106 104 108 102 106 105 98 69 97 108 99 101 106 100 92 100 101 98 97 101 100 107 112 109 102 107 105 100 101 102 103 107 105 107 104 102 101 98 99 99 101 100 100 98 97 100 99
100 106 105 96 88 85 96 102 88 90 97 103 108 108 111 106 107 107 109 106 95 99 99 99 99 103 104 109 105 108 111 110 109 106 101 95 101 105 111 111 106 106 106 110 111 116 112 115 105 109 111 114 111 108 103 105 69 93 106 98 91 98 99 97 101 101 101 100 96 106 113 109 112 113 108 106 102 106 104 106 107 107 105 103 101 102 103 102 104 99 100 99 97 96 102 104
111 116 107 110 112 100 89 91 86 87 88 99 106 109 110 109 110 100 95 97 102 101 104 107 102 99 95 103 108 107 107 106 109 107 101 109 107 111 111 113 113 114 114 114 116 118 115 109 120 116 116 110 112 112 106 106 84 94 107 106 98 93 100 95 99 96 101 103 107 107 111 112 115 113 110 106 107 107 107 109 108 108 105 104 103 103 104 102 103 95 100 100 99 97 100 104
114 113 112 107 105 101 97 94 98 106 105 96 93 97 107 107 97 99 110 107 106 98 81 89 100 99 106 98 103 103 103 99 96 101 103 111 111 109 111 114 116 114 112 110 108 102 104 107 114 113 113 111 115 101 104 106 98 83 103 106 104 93 95 104 101 100 102 108 104 109 110 110 119 115 113 110 105 105 107 110 109 106 104 103 102 102 103 104 106 101 101 98 92 100 100 99
116 115 114 105 94 104 106 113 110 110 107 103 97 96 92 93 107 111 109 107 109 103 96 104 105 109 109 101 108 105 109 103 106 104 104 109 107 106 111 113 111 109 109 112 104 113 110 109 112 116 117 114 112 100 104 104 98 86 105 107 102 96 102 107 101 104 104 107 114 117 112 113 113 112 108 109 109 107 105 105 105 103 105 104 104 103 103 103 104 99 101 103 100 102 101 103
114 115 113 110 107 115 110 114 111 112 105 105 110 107 105 98 110 116 114 114 113 112 105 99 112 106 110 106 110 111 113 114 111 109 102 106 112 115 114 113 112 115 114 115 110 117 115 115 114 117 119 116 110 103 104 103 95 82 102 106 105 103 106 99 96 110 116 109 107 108 113 114 116 112 114 113 110 109 106 104 106 106 110 113 110 106 106 109 108 102 102 105 103 103 108 107
107 108 112 105 108 108 112 116 103 107 106 110 107 108 97 99 111 115 111 104 112 106 108 110 112 109 103 103 113 113 113 113 107 98 95 100 107 111 111 112 115 119 112 107 110 112 113 114 113 113 115 117 115 104 103 101 96 76 101 106 105 100 102 106 105 108 111 110 112 111 117 118 117 114 113 111 112 108 107 104 111 109 110 109 105 104 109 105 107 107 103 105 106 108 114 114
105 113 116 112 112 112 116 106 111 108 113 106 106 110 98 109 94 103 105 113 114 112 110 112 113 109 105 110 108 112 115 102 102 95 98 105 111 108 102 108 111 114 118 118 120 115 120 114 118 116 119 109 105 107 107 108 114 75 91 104 106 105 102 103 101 108 108 109 111 117 117 114 113 113 110 112 109 110 108 106 108 106 110 104 105 106 107 106 108 112 112 110 105 112 117 118
116 111 115 114 115 109 103 105 111 114 112 109 111 112 106 104 103 94 106 111 102 100 101 112 115 109 114 116 110 113 113 105 105 96 105 112 111 109 114 113 117 117 116 120 118 116 117 118 121 119 113 107 106 107 105 111 113 85 86 108 108 106 104 104 102 104 107 105 110 113 115 114 113 109 108 109 107 108 107 107 113 108 107 105 104 107 109 108 110 111 112 114 108 114 117 122
123 119 121 119 116 115 96 107 107 110 106 99 113 111 117 106 101 96 107 101 103 101 100 110 107 113 116 107 106 116 111 109 111 114 113 111 108 115 121 120 121 121 123 117 119 119 121 124 113 110 111 106 103 105 107 113 108 105 78 109 107 105 104 107 103 105 108 109 109 112 114 109 110 105 103 101 106 107 107 105 103 104 103 105 108 108 112 110 109 111 116 113 110 120 125 122
116 122 118 123 124 120 113 102 112 111 102 116 113 114 113 107 113 113 113 113 119 107 98 110 113 117 113 108 109 113 111 115 116 113 110 109 113 113 109 110 113 116 120 117 118 118 119 115 116 112 114 106 107 108 113 116 113 105 76 109 107 104 103 102 105 98 108 109 113 113 116 115 105 104 103 101 105 108 112 110 105 108 109 109 108 110 111 111 112 116 118 116 118 114 119 117
121 129 124 124 125 119 117 110 104 105 115 115 117 116 114 115 118 117 117 116 114 106 109 111 113 111 114 114 110 107 111 117 114 110 107 107 113 113 105 103 106 106 114 116 112 108 113 108 119 113 110 110 110 109 108 110 117 115 80 110 109 106 105 110 107 109 104 106 106 110 118 110 106 105 106 105 108 108 108 111 110 113 115 110 109 109 113 113 118 116 119 122 114 116 115 114
