NDVI-HI Matrices/GreenMatrix3.asc
ncols        129
nrows        129
xllcorner    0.000000000000
yllcorner    -129.000000000000
cellsize     1.000000000000
NODATA_value	-9999
[rows 55 to 109 of 129, columns 0 to 95 of 129]
26 30 29 29 31 23 18 28 29 30 28 30 28 25 28 24 21 25 24 25 22 23 23 24 24 26 26 27 27 18 17 16 18 16 20 20 18 23 20 19 20 19 25 24 20 14 17 13 19 26 26 23 24 23 21 20 19 21 20 20 22 24 25 27 19 20 15 17 20 18 25 23 18 14 25 24 23 27 25 21 22 26 27 16 16 20 21 13 17 19 21 13 13 12 12 15
25 27 24 27 26 25 27 25 30 31 28 30 29 29 28 20 24 26 25 17 18 21 27 24 22 18 17 19 16 15 17 16 23 24 23 23 23 25 23 19 23 27 25 25 14 16 17 20 18 21 16 20 24 22 27 20 20 22 27 27 27 14 20 26 22 20 20 19 18 18 22 25 22 15 25 29 26 27 20 26 25 23 25 22 14 20 22 19 13 20 19 13 14 17 17 12
20 26 17 17 20 25 24 19 29 28 23 24 29 26 13 15 23 26 23 25 25 25 23 24 18 20 20 19 19 17 16 25 25 25 19 22 26 25 25 27 24 21 23 23 20 23 14 25 28 24 22 24 23 23 28 30 28 25 19 27 32 18 16 29 25 21 26 17 16 17 25 25 23 22 25 24 25 22 23 25 20 17 26 23 24 22 18 20 19 19 19 15 18 13 15 14
23 22 18 23 28 25 26 24 24 28 21 26 28 25 25 22 25 25 25 26 29 25 22 25 19 19 16 16 19 19 11 19 21 17 19 20 18 20 24 20 25 18 17 24 26 31 20 27 27 23 23 24 22 25 28 28 28 26 28 28 31 18 18 27 25 23 21 18 18 21 21 14 21 22 25 26 22 30 27 24 21 23 25 24 21 23 24 23 19 20 22 13 14 19 12 18
21 24 23 24 23 27 29 18 17 26 19 24 25 15 25 24 14 24 27 26 27 23 24 27 20 16 15 16 18 21 18 16 16 23 23 19 15 15 17 14 23 25 31 31 24 29 29 26 24 22 25 24 28 29 25 25 27 31 29 30 29 25 27 29 31 20 24 21 21 12 25 26 23 21 31 28 30 29 26 25 24 22 21 24 24 25 27 24 23 20 21 18 19 13 20 15
31 32 29 18 23 23 23 13 20 27 23 20 19 17 16 29 24 23 22 21 15 13 26 18 12 14 14 19 17 20 18 18 21 20 21 19 15 14 14 15 24 25 25 28 29 32 21 22 28 28 28 29 28 26 27 32 31 31 32 26 27 15 19 28 31 29 22 20 24 21 20 26 27 25 27 28 27 26 25 27 27 22 22 24 26 27 25 23 23 22 21 21 19 21 20 20
25 29 28 23 23 22 20 22 12 24 18 20 25 27 29 29 18 16 16 16 23 24 22 19 12 16 19 23 20 24 24 23 16 19 16 21 20 18 19 21 24 21 20 26 31 29 24 27 25 27 29 30 28 30 28 32 32 29 30 30 25 19 12 33 32 29 22 22 20 21 15 23 28 28 30 29 28 27 27 24 24 24 20 26 20 22 23 25 25 23 21 21 23 19 18 17
27 24 32 28 24 24 20 22 21 25 20 29 30 29 29 25 20 22 19 14 22 22 23 26 16 19 24 24 28 23 25 19 18 21 23 24 19 24 21 27 19 21 25 19 33 32 28 24 29 28 27 26 30 30 30 30 29 30 30 28 23 20 25 30 31 28 22 20 24 22 23 28 26 34 30 29 28 28 26 27 26 25 27 25 25 22 26 22 23 20 16 20 21 18 18 19
22 24 26 28 23 23 18 21 16 26 23 26 25 15 17 18 23 17 24 23 27 25 25 25 25 25 21 17 15 25 26 29 28 28 26 27 28 29 25 26 13 24 17 24 26 27 30 33 32 27 25 27 31 31 34 30 28 28 28 28 19 21 24 26 22 24 21 23 26 29 29 30 34 34 32 33 27 26 28 28 27 28 27 23 24 22 22 22 21 21 21 23 21 21 15 18
23 21 27 28 30 28 23 22 15 18 20 26 26 15 18 18 20 23 26 20 25 30 34 25 24 20 26 29 21 29 26 25 22 20 19 24 29 32 23 20 23 24 22 32 27 31 32 29 31 31 28 25 29 30 32 31 27 20 24 27 23 30 26 24 20 20 25 27 31 30 29 29 34 34 31 33 27 28 29 30 28 22 26 21 21 22 21 21 22 23 23 21 20 22 22 21
28 28 30 33 30 31 31 27 21 16 16 23 20 26 21 18 27 26 23 18 15 13 24 26 21 23 28 26 22 21 17 30 29 21 20 28 29 23 21 24 28 26 26 28 29 28 28 29 20 26 25 29 27 29 32 29 27 26 27 28 30 32 31 26 24 24 19 28 27 32 29 30 32 30 31 30 27 28 28 31 30 20 23 21 20 22 21 23 22 22 22 23 20 21 20 23
30 29 35 31 31 23 28 30 26 24 26 17 14 21 22 27 31 27 25 22 23 27 28 28 21 25 18 21 18 12 23 29 28 27 30 21 18 16 29 23 26 28 28 31 33 27 17 22 23 21 27 26 29 28 25 27 22 25 33 30 32 35 31 25 22 27 25 23 26 29 30 29 29 32 29 30 27 30 28 30 29 20 24 26 20 20 24 22 27 24 24 23 19 21 23 21
27 27 24 34 33 17 24 31 33 22 22 23 19 22 16 24 24 29 25 21 25 27 27 21 26 19 16 25 27 26 29 24 22 29 31 24 21 22 26 19 27 30 29 30 35 34 21 16 25 19 26 31 30 28 28 28 22 23 26 26 30 26 26 27 25 28 21 21 26 28 34 27 27 28 35 28 29 28 27 30 27 24 26 23 24 24 24 26 26 25 24 23 23 24 22 24
25 26 31 33 29 17 26 30 27 23 24 23 17 15 25 24 23 28 26 25 20 15 14 29 29 20 23 23 25 20 19 18 27 16 25 22 19 24 22 22 29 30 17 26 30 35 26 28 28 27 30 29 31 33 32 27 24 27 23 18 26 24 26 16 23 25 24 22 23 27 35 29 30 30 30 33 29 27 27 28 23 26 25 24 22 21 22 27 24 24 23 27 22 22 20 14
27 26 30 33 26 20 32 32 25 25 24 23 23 25 25 26 27 28 28 29 16 14 21 28 26 24 25 23 21 21 19 20 31 21 23 22 17 16 25 27 22 26 30 27 26 36 22 26 25 26 29 25 30 34 34 29 22 24 19 24 25 24 28 21 26 25 25 23 22 32 32 29 27 28 32 28 28 26 27 27 22 26 25 19 22 22 23 28 26 25 24 24 24 23 14 21
33 25 30 36 28 26 28 27 30 26 22 23 22 29 28 32 21 27 22 24 25 24 23 19 24 15 24 26 19 18 23 28 26 15 17 23 23 25 20 18 26 31 27 22 22 28 26 26 23 25 31 25 28 24 29 30 25 29 28 32 24 25 31 17 28 26 17 22 24 25 34 29 30 31 30 26 26 27 26 23 25 20 23 24 26 28 28 27 26 26 26 27 26 23 25 22
29 31 33 35 30 28 28 26 28 30 24 24 23 24 24 29 30 24 15 22 26 21 18 28 27 22 23 20 18 27 26 26 22 23 23 27 22 28 16 23 28 32 27 27 26 29 20 13 20 27 30 27 31 22 27 26 26 27 28 31 21 24 23 23 25 25 16 25 23 23 29 29 31 34 30 28 25 24 21 22 22 21 25 23 27 26 26 26 23 28 26 24 27 22 20 19
22 33 30 36 30 23 25 24 19 23 29 23 25 23 33 31 28 24 21 25 23 27 29 32 31 32 26 28 26 27 19 20 23 21 31 27 24 24 23 27 29 28 29 35 34 31 20 24 24 28 26 30 33 32 31 25 27 28 21 21 23 17 16 30 31 24 25 31 28 32 31 37 36 34 24 29 25 23 20 20 26 26 23 22 25 26 28 28 26 28 27 25 24 22 21 13
31 34 34 34 27 28 24 22 23 23 30 21 16 28 28 30 27 26 17 20 23 29 27 29 30 25 20 29 31 30 21 17 22 28 28 31 29 24 24 26 28 25 31 28 27 25 20 20 24 27 24 30 29 30 29 28 25 26 20 18 18 28 30 29 26 23 30 26 31 22 27 31 37 35 25 24 26 21 23 24 27 24 23 25 25 25 25 27 28 29 25 25 26 24 20 18
29 35 34 32 36 29 23 20 21 20 15 19 24 26 26 31 33 28 18 24 26 20 17 33 25 27 26 30 33 24 24 19 29 31 24 24 28 32 27 26 26 34 31 26 33 31 28 27 24 28 28 35 28 24 25 23 27 28 25 20 24 28 25 30 21 26 24 29 29 25 33 34 31 32 32 26 29 25 24 25 27 25 22 22 21 22 26 28 29 27 26 26 23 24 20 24
32 26 29 21 30 24 20 22 21 29 21 20 29 32 31 26 24 25 24 31 25 21 24 30 30 29 32 31 27 27 21 25 32 19 21 27 24 28 31 25 27 32 27 25 28 31 29 29 25 18 29 33 30 25 29 24 24 25 29 25 21 17 21 31 24 18 18 28 30 31 27 32 39 27 30 27 23 24 25 23 19 22 22 23 26 23 27 29 29 26 26 24 24 22 20 24
34 30 29 30 28 28 22 27 29 24 21 24 22 36 21 20 25 25 29 28 28 30 29 23 28 34 28 32 31 27 24 22 26 27 30 26 26 29 23 22 23 30 31 26 27 24 27 28 30 36 35 33 33 29 34 31 22 28 27 18 25 30 20 22 29 23 30 32 24 22 32 40 32 34 30 28 25 26 21 22 20 21 23 21 26 26 27 27 29 23 25 24 24 24 21 22
33 24 36 25 28 29 22 27 23 18 19 28 25 37 25 24 27 32 30 27 29 30 28 27 33 28 26 26 30 24 23 19 26 29 29 30 29 26 27 26 27 20 18 31 19 18 26 25 33 34 33 29 29 35 33 28 24 28 26 19 23 18 19 23 31 30 24 29 22 30 22 42 44 30 28 25 26 23 23 21 21 24 23 24 28 28 27 28 19 27 26 24 24 26 23 25
23 21 30 33 34 30 36 31 31 31 32 27 26 22 30 28 27 30 29 26 24 28 27 26 35 31 24 31 26 21 19 30 25 26 25 30 28 26 30 26 17 21 21 23 31 28 24 29 33 30 31 33 32 34 34 32 25 26 31 27 21 24 25 24 25 18 12 17 36 32 26 30 42 33 29 25 22 15 22 23 21 21 27 23 25 23 24 26 29 29 24 24 25 26 23 24
29 36 34 33 33 36 38 36 39 33 34 26 29 30 30 27 22 27 26 25 28 22 32 31 35 32 29 30 28 28 31 26 26 27 24 30 28 27 29 29 27 26 23 26 27 32 34 31 33 28 30 32 29 36 31 28 25 29 33 23 19 26 26 16 23 20 23 17 26 35 34 38 35 31 27 20 18 22 23 23 23 27 22 25 23 27 29 28 28 28 25 23 21 21 24 24
38 36 35 33 30 38 37 32 36 27 27 29 34 28 29 24 29 30 32 26 28 32 29 29 31 27 28 28 24 29 25 27 28 28 24 28 28 31 32 29 29 32 39 29 28 33 28 25 35 31 31 31 22 37 35 35 26 36 31 30 21 26 22 22 31 33 27 29 31 32 30 52 38 33 25 26 23 25 23 23 25 27 28 25 28 28 28 26 25 27 28 27 26 25 27 27
35 30 33 30 32 28 24 37 39 37 24 31 32 27 25 21 27 30 33 35 35 32 34 33 33 35 34 29 21 25 28 30 30 28 30 26 29 27 31 29 30 32 32 33 31 33 32 25 30 31 20 33 29 30 30 40 25 35 33 19 17 31 23 30 30 33 35 22 41 31 43 33 39 37 30 28 26 25 25 24 26 28 28 28 26 27 27 27 25 28 29 26 28 29 28 27
45 32 33 41 38 38 36 32 39 33 35 30 36 29 19 25 29 31 32 32 28 31 33 30 32 31 28 25 23 23 24 25 27 31 25 27 20 23 32 32 30 27 31 33 32 32 31 27 34 34 34 29 32 34 35 35 35 34 35 26 25 23 25 16 28 22 34 38 40 40 50 45 31 28 31 28 30 23 27 27 26 26 25 26 27 28 27 28 28 27 26 27 28 27 28 27
46 39 31 34 29 38 40 31 43 38 36 36 38 35 37 37 37 33 31 26 26 18 14 21 25 19 25 31 30 23 25 23 18 23 29 29 24 23 24 29 28 34 31 32 31 30 30 29 32 22 28 22 33 36 33 33 41 34 33 32 31 26 24 37 36 23 37 40 38 36 54 52 32 31 27 27 27 28 28 28 28 28 28 28 27 27 28 27 30 27 28 25 22 27 25 30
41 39 35 30 22 37 35 35 38 31 35 34 36 32 39 40 32 27 30 24 25 20 17 20 23 26 33 33 29 24 32 22 20 25 29 25 22 24 29 33 36 34 31 28 29 38 33 31 26 22 26 33 32 35 32 37 35 34 38 29 29 24 33 38 27 32 24 42 40 40 51 41 32 30 26 28 26 28 29 29 28 29 28 27 24 26 26 26 26 29 28 32 26 31 32 35
30 30 37 42 31 42 38 39 40 40 27 26 30 33 32 41 39 34 37 34 29 23 22 22 23 21 30 33 33 29 22 27 28 25 31 22 32 39 33 32 31 26 23 29 28 33 34 31 28 30 35 38 36 36 34 35 40 35 41 33 33 27 24 22 22 39 43 35 34 46 43 39 32 28 31 30 27 29 28 27 28 26 27 28 28 31 30 32 30 25 29 33 24 30 37 37
20 25 35 43 29 28 28 32 24 26 34 26 24 26 40 39 35 36 30 22 26 23 27 26 28 29 38 33 29 21 20 25 30 35 25 23 31 32 35 29 32 29 32 35 29 28 35 31 23 34 31 37 37 46 33 32 44 34 35 38 42 19 27 42 38 42 37 38 30 42 48 40 27 29 28 27 27 28 30 29 30 27 29 27 31 28 30 30 29 31 31 32 33 34 39 33
19 20 31 39 42 27 31 21 25 26 35 25 25 33 42 31 22 25 24 33 34 30 35 29 32 30 36 28 22 22 20 21 34 29 35 25 36 31 35 34 42 32 31 33 33 39 34 31 35 38 34 48 40 36 41 37 36 36 41 43 27 27 22 24 33 35 40 40 36 32 41 42 29 29 30 28 28 27 27 28 28 29 30 28 27 29 30 30 29 35 32 35 34 32 33 42
26 22 26 33 40 23 22 24 24 37 36 31 28 33 45 39 26 26 29 34 31 38 31 33 37 31 29 31 21 19 21 32 38 36 27 31 35 41 41 41 35 29 27 33 35 33 30 29 42 35 39 45 36 33 41 38 40 41 40 40 24 27 29 30 40 36 33 36 42 38 39 41 29 27 28 30 28 27 28 30 30 29 30 30 29 32 30 32 33 36 35 37 38 35 32 31
37 29 39 44 43 26 19 26 28 31 23 17 32 42 46 44 43 42 42 38 31 33 35 31 28 34 34 25 17 31 39 40 41 39 38 33 36 40 40 40 37 34 38 31 41 39 40 43 43 43 44 41 38 35 39 36 38 41 36 43 32 41 33 44 41 36 31 34 37 36 40 43 27 29 27 27 29 29 30 31 31 29 28 26 36 31 32 33 34 36 40 41 33 37 33 31
43 43 31 47 39 43 24 21 35 26 21 33 35 32 36 42 40 44 42 35 40 33 35 31 27 36 32 31 27 37 42 43 41 36 36 36 38 37 30 32 35 36 36 36 39 41 44 46 45 46 47 38 44 37 39 37 38 40 38 43 41 45 39 25 36 38 39 35 36 33 36 43 30 30 31 28 30 31 31 28 28 29 29 30 29 32 34 36 42 43 42 36 35 39 30 30
42 48 48 46 42 41 29 26 24 24 31 44 33 32 41 45 42 37 42 37 39 37 34 38 35 35 34 39 38 37 40 40 37 29 38 40 36 36 33 33 34 36 40 43 39 45 40 32 45 46 43 38 40 37 40 40 41 46 37 39 41 40 32 37 38 32 40 41 35 41 33 36 32 29 30 29 31 30 35 33 31 29 39 32 30 36 39 33 45 36 40 34 33 34 33 29
36 35 40 44 43 43 39 43 41 43 36 27 42 39 46 45 42 41 46 38 38 43 34 41 39 36 28 38 38 38 38 41 36 38 39 40 36 36 35 30 38 35 42 41 46 46 42 37 45 47 44 44 43 40 47 44 41 50 39 41 42 35 39 39 38 39 47 41 36 28 50 34 30 29 28 32 34 28 28 29 31 34 32 33 32 31 42 51 45 35 33 30 29 31 32 33
41 35 41 44 43 47 40 51 43 43 42 27 40 44 44 44 39 44 40 38 32 42 34 40 39 35 37 39 38 36 41 37 37 39 47 40 36 30 35 38 38 37 41 40 42 42 44 43 46 47 44 44 40 41 45 47 45 44 41 53 49 31 40 43 30 22 35 34 44 43 37 37 30 30 26 28 31 31 32 32 34 35 29 32 36 38 45 46 45 35 38 30 31 30 34 34
42 43 41 45 42 46 45 46 45 42 41 40 41 43 45 45 43 40 41 39 43 42 44 41 41 41 47 38 36 40 42 36 33 47 40 36 38 35 37 37 41 44 43 45 47 44 41 42 50 50 48 42 49 44 46 47 45 44 37 45 47 24 28 43 37 36 31 45 36 35 44 36 28 29 21 32 31 32 33 34 37 34 33 39 36 48 43 49 38 35 30 34 33 34 33 31
40 41 41 41 42 46 41 45 43 42 39 42 43 42 44 48 45 41 44 45 47 42 48 41 44 38 49 43 41 40 33 36 34 44 40 38 38 37 35 41 39 43 46 45 48 46 42 47 49 51 50 41 51 49 47 39 53 46 36 47 51 46 47 35 23 38 27 40 46 44 41 37 37 33 29 33 36 31 31 32 39 34 35 38 41 43 48 51 39 32 32 32 34 34 34 32
38 40 41 39 39 40 42 40 41 41 43 43 42 43 42 49 43 47 44 40 49 45 49 43 44 39 47 46 48 48 41 44 36 37 42 45 38 39 48 47 45 49 47 47 49 47 47 47 50 52 52 51 48 48 47 43 41 39 47 41 40 41 42 47 44 40 44 43 40 37 35 37 35 38 34 33 31 34 34 36 37 33 37 37 39 55 43 35 41 34 33 37 36 33 32 33
41 41 42 39 42 44 42 42 41 42 43 44 44 49 43 47 43 46 49 51 49 43 50 46 45 40 49 46 43 52 48 41 33 37 39 41 36 41 40 46 43 47 52 43 50 47 50 54 47 51 50 52 53 52 47 47 49 41 44 49 48 43 39 42 45 42 35 42 39 39 38 36 37 38 34 34 30 30 32 35 41 37 38 43 40 46 46 42 41 38 35 35 34 33 33 34
42 49 48 52 52 40 37 51 51 51 51 48 47 50 50 53 47 52 53 52 54 50 55 50 52 45 45 44 38 31 33 38 41 37 42 41 36 40 43 43 45 50 47 44 45 49 51 50 55 42 50 45 54 49 51 49 54 35 48 51 53 49 39 44 40 40 37 44 42 40 37 35 37 41 35 37 37 37 35 43 39 39 39 41 44 44 42 50 42 39 38 36 35 36 40 39
46 50 47 52 51 46 51 51 52 50 49 54 52 51 52 51 52 50 52 52 52 50 57 49 42 40 40 31 31 29 33 33 37 39 42 39 39 44 41 46 44 41 46 42 48 49 46 49 56 50 45 47 43 43 48 48 43 48 44 50 53 50 42 43 38 42 36 42 44 41 36 40 39 43 39 41 33 38 41 37 37 38 43 46 44 42 46 51 40 35 32 37 38 38 44 41
44 42 41 45 45 56 56 50 56 57 56 54 58 57 57 51 50 52 58 51 60 51 41 46 39 35 30 31 33 29 32 30 30 29 30 30 37 42 42 46 43 45 43 43 43 43 46 46 48 48 48 48 49 47 47 37 44 45 43 47 50 49 44 42 43 40 40 39 42 41 39 39 39 41 42 41 37 36 44 43 42 36 46 48 46 49 45 48 39 34 35 36 35 39 43 42
44 38 42 39 41 50 51 58 59 55 59 60 55 60 51 56 50 50 57 53 56 59 46 46 40 32 33 31 33 31 34 31 32 33 35 30 34 44 41 45 45 44 46 48 50 47 48 47 47 51 48 51 49 38 52 40 42 33 48 51 46 46 44 41 42 47 46 45 42 40 37 39 37 43 44 43 45 37 45 43 38 37 45 47 47 47 42 50 39 37 34 34 35 40 45 44
55 55 52 45 43 47 51 51 57 56 52 50 46 42 44 42 56 59 56 57 50 44 43 44 50 31 33 33 38 35 35 34 38 34 36 44 41 38 47 46 42 49 51 56 64 58 49 43 42 45 45 45 45 55 53 53 51 50 51 47 48 47 47 47 47 46 46 49 44 36 42 37 39 41 45 38 42 44 48 45 49 38 38 50 48 45 49 49 41 40 40 42 41 45 47 50
55 57 56 54 52 46 54 59 61 62 54 50 45 40 40 57 44 45 55 57 51 44 41 43 38 36 32 36 33 32 35 34 34 37 46 44 49 49 53 48 50 53 59 56 50 48 42 45 52 56 56 48 46 48 47 48 51 50 48 54 50 47 45 43 46 51 45 51 51 47 38 35 42 41 48 37 44 48 40 46 49 49 47 49 52 49 48 50 43 43 42 41 42 46 50 57
48 59 60 59 60 58 50 58 60 59 58 64 54 46 47 57 54 46 58 49 43 39 36 39 46 35 34 35 40 39 39 42 45 46 45 44 50 53 56 58 58 57 54 48 39 40 45 44 45 45 45 45 46 49 52 50 48 49 53 53 49 51 52 46 49 38 48 49 48 49 43 40 48 46 54 52 46 48 49 48 51 44 49 49 52 51 46 54 55 43 43 43 43 45 52 55
48 61 46 62 66 59 49 57 61 64 58 63 58 55 56 59 59 51 45 47 44 34 26 29 45 26 31 37 41 40 37 46 43 49 44 52 52 51 51 52 56 51 42 41 44 46 44 46 43 40 43 47 48 50 50 50 55 57 54 55 55 55 52 47 46 40 48 51 53 48 44 43 40 47 44 52 52 48 49 50 56 49 47 49 46 53 51 48 53 50 45 43 45 48 45 63
51 58 63 60 67 61 59 60 63 61 62 61 59 59 58 62 52 57 48 54 50 37 30 38 40 38 38 39 38 34 39 49 49 52 48 46 44 46 52 57 32 49 44 45 42 40 43 45 45 47 45 49 54 53 52 55 51 54 50 51 60 49 51 48 49 47 43 44 45 51 47 41 42 45 45 55 41 50 50 52 51 53 50 48 49 48 55 54 51 54 45 48 46 48 54 58
59 57 52 54 56 57 60 59 59 67 62 60 63 53 58 64 61 49 51 49 45 40 33 41 39 40 41 33 41 41 40 48 48 44 47 60 56 50 50 45 44 53 48 44 45 42 44 46 46 47 55 53 53 52 50 54 51 53 56 53 57 59 51 51 48 49 43 53 56 52 50 47 47 44 49 50 50 44 54 52 55 49 53 51 53 52 54 56 55 57 50 49 45 52 58 61
63 62 61 61 62 63 61 63 62 61 68 63 63 61 57 63 60 60 62 52 50 44 44 42 41 45 39 37 42 40 40 45 47 46 50 47 43 43 39 41 53 46 46 45 46 46 47 47 50 50 51 53 55 53 52 52 54 57 56 59 65 62 50 50 48 39 47 54 56 53 52 39 49 48 48 43 54 49 57 51 55 55 57 47 57 50 54 56 55 52 55 52 47 53 59 61
64 64 63 66 66 62 61 67 67 69 60 61 62 60 61 64 63 62 61 61 58 45 44 39 38 39 36 40 39 40 45 47 47 43 35 44 47 53 52 56 53 51 45 41 45 46 47 51 49 52 53 52 57 48 40 39 52 56 56 64 59 55 57 54 44 47 48 51 56 50 52 54 49 47 52 49 55 56 49 58 57 57 59 58 63 58 53 56 51 56 64 60 57 61 63 60
