NDVI-HI Matrices/GreenMatrix6.asc
ncols        129
nrows        129
xllcorner    0.000000000000
yllcorner    -129.000000000000
cellsize     1.000000000000
NODATA_value	-9999
[rows 42 to 83 of 129, columns 0 to 94 of 129]
90 78 53 76 91 89 90 85 78 71 45 26 19 63 47 20 14 14 17 14 13 11 9 12 12 12 12 11 11 10 26 82 64 40 83 87 83 92 65 81 87 84 73 37 66 55 13 12 16 7 13 10 9 6 0 0 0 0 0 0 0 0 0 0 0 0 0 0 0 0 0 0 0 0 0 0 5 11 12 15 7 12 9 9 14 9 12 6 6 5 7 8 10 12 14
84 85 76 85 87 83 81 74 77 67 44 23 26 53 58 33 22 24 16 13 12 12 12 12 11 15 16 12 11 11 23 70 82 87 91 87 52 27 25 19 23 22 24 15 17 24 23 32 9 9 10 11 14 7 0 0 0 0 0 0 0 0 0 0 0 0 9 8 9 6 6 5 3 1 1 1 1 1 5 8 8 9 7 12 10 8 6 7 7 7 9 8 7 8 9
86 82 78 82 81 81 79 76 72 72 62 49 43 58 46 39 29 29 22 16 14 14 13 12 14 21 19 20 21 20 30 58 76 79 83 80 69 43 31 26 23 23 16 17 27 33 54 51 42 37 24 16 16 12 3 2 0 0 3 0 0 0 1 0 0 1 7 12 8 8 4 5 3 5 0 3 3 2 3 5 7 9 11 18 19 12 27 47 28 29 77 53 20 43 28
88 80 75 77 76 75 79 73 65 74 72 64 58 57 56 42 31 34 38 25 20 18 15 14 14 21 16 27 24 31 40 61 75 78 82 71 66 53 39 29 23 21 18 19 32 39 53 51 56 47 34 25 18 14 5 3 4 2 3 1 0 3 0 1 4 9 13 10 12 12 12 13 11 7 5 4 5 7 13 11 14 15 20 15 18 15 13 24 30 45 51 46 45 39 37
82 80 77 79 84 79 71 75 73 76 79 76 77 74 76 66 70 65 53 43 39 35 33 32 22 25 27 28 36 34 46 68 74 79 85 75 61 63 42 33 23 25 30 30 42 50 52 55 53 46 39 37 27 17 10 6 5 4 5 5 6 6 5 6 12 18 29 20 24 28 28 31 26 9 13 12 13 20 17 24 51 71 70 60 70 58 60 66 73 72 72 74 73 74 67
82 83 79 82 83 82 73 75 72 73 80 82 79 81 79 77 73 66 67 56 48 56 63 44 39 39 47 48 47 50 58 70 80 80 80 81 76 70 68 60 54 58 46 55 55 57 60 62 60 63 60 59 53 45 29 20 11 6 8 7 4 4 16 37 46 54 59 53 54 62 54 56 52 40 28 16 15 30 38 38 68 87 87 77 83 79 85 93 89 79 89 87 89 97 96
89 88 81 84 87 81 80 81 81 81 86 84 85 82 83 84 84 76 76 75 78 77 79 76 69 63 74 78 78 84 86 86 89 81 84 82 80 74 79 79 83 85 81 73 71 71 72 77 80 71 67 78 75 73 68 30 11 8 8 9 5 5 6 32 58 60 69 74 60 77 62 66 74 58 44 20 14 31 74 69 76 99 100 97 93 88 94 98 92 78 93 90 90 90 93
89 86 83 84 83 85 83 85 83 82 87 90 89 91 85 92 88 84 89 86 85 81 91 90 91 79 88 91 85 90 94 96 98 88 91 86 79 74 86 89 94 91 87 84 83 79 80 81 81 75 73 70 58 54 56 14 9 6 7 8 7 1 8 48 62 63 77 55 50 68 73 70 67 54 43 28 77 95 78 100 101 98 99 99 92 91 85 96 95 87 78 70 93 96 91
87 89 90 88 88 91 93 92 91 89 96 98 92 93 90 96 96 91 91 91 94 96 93 95 95 86 87 98 96 96 98 99 101 103 97 89 80 56 84 98 101 87 97 94 82 90 81 93 94 90 94 106 103 101 99 94 77 75 33 5 1 30 34 83 82 72 83 64 60 64 77 77 44 45 62 76 89 100 100 99 103 103 102 98 96 95 100 97 97 90 89 90 62 92 89
89 97 99 90 89 94 96 102 102 103 101 102 98 95 90 98 102 101 102 105 103 103 104 102 101 101 93 98 106 107 106 107 102 101 105 102 96 84 87 90 103 97 99 97 100 104 108 107 102 106 105 101 99 106 107 99 60 85 62 53 2 31 77 90 90 87 83 75 66 64 52 66 66 89 87 98 104 100 100 104 101 98 100 101 95 99 95 92 89 91 93 87 95 96 90
92 104 105 91 92 107 91 103 109 110 106 103 105 104 108 102 103 100 102 103 90 101 102 101 104 107 102 107 101 100 90 92 86 108 107 91 87 101 93 90 90 66 105 107 105 107 110 109 109 108 109 101 92 107 102 104 91 74 76 69 50 22 89 85 90 87 84 73 88 71 86 60 97 99 95 101 103 104 106 104 103 104 89 88 97 100 94 91 98 95 89 85 94 93 91
84 58 107 114 113 114 112 115 112 94 111 112 105 103 102 105 104 86 92 106 104 107 100 95 81 106 101 110 112 110 109 106 104 102 99 102 107 104 53 53 106 103 98 105 107 107 93 98 106 106 91 71 86 102 110 104 95 86 89 93 103 99 89 88 87 81 72 71 68 47 71 94 100 102 104 107 103 94 90 104 103 103 97 92 96 100 96 89 80 90 89 92 98 97 88
121 120 120 114 116 112 107 118 117 121 118 119 117 112 112 105 106 105 105 110 110 112 99 109 108 104 108 110 110 110 103 97 99 93 91 78 102 101 68 88 103 93 102 103 62 103 104 110 107 92 103 107 109 98 104 99 78 97 92 90 104 109 107 88 81 82 92 96 64 53 87 100 95 91 103 104 103 105 102 101 104 101 99 100 98 99 81 97 96 93 96 94 93 87 82
120 122 121 122 118 111 107 113 122 122 117 121 119 113 108 111 103 108 109 112 104 104 110 109 107 109 107 111 112 98 92 87 98 90 103 106 96 97 99 99 105 100 108 109 97 91 88 78 76 111 114 108 110 99 100 91 100 102 100 107 108 98 108 105 92 95 65 75 72 90 108 103 101 76 102 103 102 105 103 99 102 102 104 89 73 95 98 87 84 98 98 95 88 91 86
120 118 115 110 115 113 111 117 120 121 120 119 118 118 118 106 111 114 112 87 98 110 112 111 108 93 93 100 74 77 67 84 106 107 106 111 112 109 103 100 106 110 111 111 90 96 98 102 87 105 91 104 107 100 104 91 100 107 114 115 114 86 82 107 94 91 83 79 65 101 106 105 103 103 106 106 108 106 96 100 107 105 106 103 90 96 97 101 88 101 101 98 85 85 96
111 114 100 108 116 119 118 96 118 119 111 116 119 116 74 86 112 110 106 111 112 113 109 110 105 101 96 103 104 69 75 109 105 104 103 104 110 109 109 108 113 109 106 109 106 109 96 113 117 113 112 112 109 101 111 122 120 114 102 112 116 96 86 113 102 92 93 78 73 95 103 105 104 106 106 107 103 106 104 103 96 105 105 105 104 104 103 103 101 94 94 65 79 93 92
117 117 99 115 122 122 122 112 111 117 116 112 118 116 116 107 108 116 115 115 114 113 109 115 105 101 95 75 73 75 75 99 106 94 105 108 109 107 112 103 106 98 97 114 111 112 107 109 112 109 107 105 97 111 117 120 116 118 115 114 120 106 108 105 105 104 81 86 85 95 98 94 101 106 107 107 106 107 107 105 105 103 107 105 102 104 107 107 102 99 103 97 97 93 93
117 121 115 111 107 121 119 88 97 115 99 113 105 98 117 113 90 110 116 117 115 112 117 118 106 79 54 67 102 100 93 100 102 111 105 96 79 95 102 73 104 110 110 114 115 117 114 111 113 107 103 109 121 118 112 111 119 119 118 120 124 120 121 120 115 99 89 87 88 83 104 110 107 104 108 109 109 107 108 109 105 104 102 103 105 106 110 108 109 105 102 96 101 97 98
118 121 118 111 115 113 111 78 113 115 98 95 97 98 108 121 121 120 108 105 93 107 117 96 59 62 46 68 83 101 96 98 109 110 106 109 97 89 91 72 104 106 116 123 123 122 91 101 110 108 113 118 121 111 122 123 120 119 124 120 119 88 75 117 121 115 100 86 99 102 107 112 113 110 109 111 110 109 109 109 112 106 107 107 109 110 109 110 111 107 103 96 84 100 98
109 119 118 115 120 113 109 107 82 108 108 90 118 121 121 122 104 84 62 87 114 114 105 100 87 90 70 93 108 110 114 111 84 95 73 105 100 101 104 106 110 108 107 113 121 119 102 111 115 119 123 123 121 122 122 124 126 121 122 121 107 106 85 118 120 117 79 97 100 106 93 109 113 113 113 111 112 109 111 108 111 111 110 111 113 108 108 109 111 109 105 104 104 86 85
113 115 106 112 116 115 112 109 116 116 111 122 125 123 119 116 113 112 93 47 104 114 117 103 99 113 113 113 114 115 116 104 104 108 113 111 110 108 106 108 74 93 121 95 121 118 110 110 119 121 116 109 123 124 125 126 124 123 120 122 114 112 117 121 121 114 91 103 109 107 111 112 114 113 111 116 114 112 110 112 110 111 113 112 112 107 107 109 110 110 99 101 103 99 96
96 102 110 116 117 113 108 98 72 115 119 117 106 81 114 109 111 108 117 114 115 114 115 116 119 112 110 87 69 109 112 116 118 115 120 116 113 110 110 106 64 94 104 109 115 108 113 121 121 114 113 113 124 126 128 126 119 122 120 119 108 97 105 94 75 87 102 111 111 112 114 114 116 115 114 117 114 113 111 112 111 112 113 111 108 111 111 109 111 111 109 106 105 104 94
108 99 116 120 122 121 111 102 30 77 113 120 110 81 101 112 113 114 118 108 112 117 118 120 106 116 122 121 117 116 109 121 113 101 97 117 116 117 106 103 94 108 94 114 112 113 118 123 120 121 120 119 121 127 129 127 121 101 102 116 111 124 114 90 85 101 123 118 114 113 115 115 115 115 116 116 114 113 113 114 115 111 112 95 109 110 108 110 109 111 111 103 103 107 104
111 108 121 123 120 122 122 117 87 81 90 102 105 109 111 100 114 119 108 108 91 99 119 118 107 115 123 121 120 114 110 113 119 116 115 114 113 114 120 117 119 114 113 107 116 119 120 120 95 104 115 125 114 127 127 124 121 114 117 118 120 126 120 120 120 102 119 115 114 115 115 111 114 115 115 116 113 113 117 117 116 111 112 108 107 110 108 109 110 109 110 105 105 103 103
96 115 121 125 125 118 120 118 118 118 121 107 104 102 108 116 122 122 118 117 122 123 123 122 112 116 104 99 97 75 111 116 117 120 121 112 104 106 113 101 112 111 114 118 125 121 99 106 116 110 116 118 121 126 121 116 106 98 119 124 126 126 120 108 91 122 113 109 112 121 116 114 115 115 117 117 114 116 116 115 115 113 113 111 108 110 110 113 112 110 109 108 107 108 106
97 112 114 120 125 110 119 116 118 92 97 119 115 119 103 113 120 118 115 110 118 120 119 119 122 112 111 122 125 122 118 113 114 123 123 117 108 113 108 92 109 111 119 121 128 129 84 84 109 97 116 124 125 122 119 112 120 111 108 117 132 130 128 108 113 115 109 105 117 116 115 114 115 114 117 118 114 114 115 113 116 115 111 110 110 111 111 111 111 111 111 109 109 105 106
104 113 115 123 126 117 121 121 123 115 117 117 108 109 120 117 124 120 120 118 105 62 99 122 124 114 119 119 118 115 90 104 123 113 118 113 108 104 116 109 111 118 108 118 123 125 120 120 123 121 124 126 126 125 121 120 126 121 106 94 114 127 115 103 111 113 112 109 113 114 118 116 116 115 118 120 116 117 114 113 115 114 112 108 105 104 102 111 113 109 108 109 109 102 104
103 102 112 120 116 109 124 124 121 118 115 110 117 118 119 125 122 123 124 120 76 65 107 122 121 116 121 121 109 105 117 114 125 119 118 93 76 89 108 115 108 108 119 122 123 125 115 117 114 118 124 123 124 125 127 97 115 120 125 108 127 116 121 104 110 115 115 113 113 121 120 118 116 117 122 118 118 117 113 117 116 113 112 112 113 108 113 115 113 111 110 110 111 105 107
101 105 117 125 125 124 123 123 126 116 113 115 116 121 123 125 116 121 114 111 117 117 119 116 111 106 118 121 118 100 124 125 119 106 86 118 114 115 114 114 113 111 115 109 107 117 119 117 115 122 125 122 123 124 117 111 119 121 126 123 114 116 120 113 114 116 91 109 115 112 120 117 116 120 122 117 114 114 116 115 113 106 108 110 115 114 114 112 110 111 111 111 112 105 109
112 102 119 128 128 130 129 125 126 124 118 122 119 121 113 122 122 121 107 116 119 113 117 124 127 123 121 115 105 123 118 117 109 123 113 125 119 115 114 113 112 126 120 116 121 121 107 90 119 123 131 126 125 119 108 96 128 121 126 123 107 106 115 109 114 103 93 102 112 114 124 119 121 121 119 116 113 114 116 114 112 112 116 116 118 115 113 114 113 112 110 110 108 109 105
103 112 116 119 118 121 125 122 120 120 126 118 122 124 127 123 125 117 119 123 123 125 121 129 128 128 126 129 131 122 111 120 123 127 129 126 120 121 112 106 113 126 127 132 129 126 118 124 122 123 120 125 128 125 115 105 124 123 114 114 117 92 103 119 123 115 113 116 113 118 124 124 120 121 118 120 115 113 111 108 116 118 118 115 115 114 116 115 114 114 111 112 107 111 102
107 116 119 129 122 123 121 116 121 120 125 117 106 123 122 126 125 118 103 115 125 127 126 128 127 121 115 124 130 126 112 107 127 129 128 123 120 116 109 122 123 127 129 128 129 128 106 111 128 126 128 128 124 119 122 113 119 126 108 114 98 119 120 121 120 114 113 114 118 118 123 126 122 120 116 118 117 115 112 116 118 119 116 112 111 114 116 114 114 114 109 106 109 109 101
109 116 116 125 132 125 118 115 115 112 73 105 124 122 127 126 128 128 118 131 123 108 101 131 125 119 114 126 129 117 119 124 130 129 125 117 119 117 124 128 130 131 132 130 136 136 133 136 130 128 133 133 123 125 129 88 111 125 122 118 114 121 120 120 97 111 114 120 119 124 126 128 124 125 121 119 117 115 116 118 118 115 113 117 116 117 117 118 114 113 111 113 110 106 107
111 114 120 122 132 125 116 118 123 125 117 120 124 129 128 119 114 124 124 131 125 122 124 127 131 130 131 130 132 126 116 131 127 106 122 119 123 116 130 128 127 132 132 131 137 137 137 138 131 118 134 136 123 130 132 101 82 124 127 121 114 62 97 119 119 108 108 118 120 120 126 131 130 125 121 117 115 119 118 118 116 115 114 117 118 118 117 118 115 116 113 114 110 106 103
107 113 129 132 128 126 122 130 130 126 125 125 120 126 121 121 127 125 131 124 127 129 127 122 125 132 130 129 133 128 128 124 128 127 130 130 132 121 123 127 130 131 133 132 136 137 137 137 137 140 141 132 125 137 131 111 86 124 125 115 123 117 108 119 118 113 119 121 120 118 123 131 137 130 120 117 116 119 117 115 117 117 115 117 117 117 118 116 116 115 111 111 118 118 108
107 121 125 127 131 132 125 124 124 114 120 128 122 129 126 125 130 131 129 130 132 129 127 129 130 128 125 129 132 128 122 121 128 132 131 133 133 124 125 131 129 123 131 135 122 119 130 134 135 137 139 126 134 136 134 123 88 126 124 114 119 119 100 121 122 122 121 122 119 122 120 127 134 126 123 122 118 119 114 114 116 117 119 117 118 119 116 113 102 110 112 114 117 116 116
109 116 131 132 131 134 134 131 131 132 131 129 120 118 130 131 126 122 125 131 125 127 127 124 132 126 125 132 131 121 120 123 123 131 130 133 127 120 134 129 112 130 131 133 136 137 129 127 135 132 127 134 133 133 136 127 95 128 129 124 119 123 122 116 110 91 90 98 121 124 129 128 132 128 122 120 112 117 117 117 116 120 119 119 115 115 114 116 113 119 114 117 113 111 119
112 122 123 116 120 128 133 137 135 135 129 128 130 130 129 127 131 129 127 130 123 123 130 131 136 136 134 135 134 134 135 127 126 131 132 132 130 126 138 138 132 135 134 135 135 138 134 133 136 130 129 138 132 132 132 120 94 127 131 125 120 122 123 93 107 95 111 100 112 121 135 137 134 126 110 107 111 115 115 115 117 119 119 119 119 118 118 118 116 114 115 113 106 106 111
119 108 105 114 117 127 131 132 133 130 129 132 130 129 130 129 132 133 135 128 132 129 131 133 133 134 133 131 133 133 131 131 130 135 131 134 127 127 135 133 140 137 138 133 134 132 133 133 139 133 132 136 131 131 135 123 91 130 134 124 120 127 121 110 124 125 122 122 129 132 135 140 133 121 119 112 118 119 116 116 119 120 121 118 117 117 118 117 114 118 122 120 115 114 115
125 131 130 123 114 108 120 128 116 117 117 126 135 132 129 128 131 133 134 132 120 127 127 126 128 131 133 135 133 132 134 138 138 131 127 121 123 129 134 133 135 138 134 139 135 140 136 136 128 133 136 136 136 135 135 131 89 123 133 125 110 124 122 126 125 125 124 113 122 132 134 137 139 137 127 119 116 120 121 122 121 120 120 119 119 117 118 120 122 119 122 123 117 117 119
135 140 131 139 136 127 116 117 112 111 113 121 132 134 123 132 133 127 123 123 128 133 132 133 131 128 123 128 133 131 133 133 135 133 127 130 132 133 138 140 138 137 138 141 138 140 136 134 140 141 141 133 137 141 136 135 110 126 134 135 123 119 125 121 120 118 124 125 131 130 137 137 137 131 131 121 120 119 122 123 122 121 121 117 116 122 120 118 118 117 121 119 120 117 123
141 135 135 133 130 129 123 117 125 131 126 117 119 124 135 131 125 124 135 131 130 112 102 112 125 121 134 124 129 132 133 115 112 125 127 136 134 132 136 134 138 139 138 135 133 128 131 134 138 131 134 132 137 133 131 127 124 109 135 134 129 122 123 129 125 121 125 132 129 131 141 138 139 132 128 121 123 123 123 124 125 122 121 121 120 117 119 118 122 127 125 119 116 118 118
