NDVI-HI Matrices/GreenMatrix10.asc
ncols        129
nrows        129
xllcorner    0.000000000000
yllcorner    -129.000000000000
cellsize     1.000000000000
NODATA_value 0
[rows 84 to 125 of 129, columns 0 to 93 of 129]
156 153 150 137 132 143 141 143 148 139 139 135 127 127 124 126 140 140 143 141 145 136 135 141 141 148 148 136 145 145 147 141 137 140 138 143 141 138 147 147 146 146 147 151 145 154 152 153 156 154 154 155 157 150 150 147 141 135 149 150 144 134 143 141 139 138 143 143 151 154 145 145 137 137 137 143 146 142 145 145 143 145 143 144 140 141 139 140 145 141 141 141 142 146
146 143 148 148 146 147 143 144 148 148 139 138 150 147 142 132 151 152 156 153 153 147 141 135 145 144 147 144 148 144 141 144 145 144 137 144 146 147 147 147 147 151 143 153 152 154 152 155 154 157 161 161 157 152 150 150 134 121 150 149 143 145 148 137 130 144 147 145 150 152 154 152 147 143 143 139 141 145 141 143 142 142 143 145 142 142 138 142 144 140 141 147 137 141
138 137 146 144 142 141 145 143 131 145 147 142 143 145 136 136 150 154 148 143 148 146 147 147 147 144 143 140 145 141 139 145 146 138 138 139 146 150 148 145 148 149 153 152 150 154 153 157 154 152 154 157 157 151 147 147 139 117 148 152 149 136 141 143 145 144 150 147 151 158 158 152 145 142 144 143 141 147 147 143 141 144 141 142 141 138 140 140 145 146 144 147 145 146
138 138 146 153 150 143 145 135 140 140 150 150 143 149 134 149 121 138 147 148 151 153 155 153 150 149 147 145 140 138 144 141 146 140 146 149 150 151 145 151 152 153 155 151 157 153 152 151 154 153 155 154 151 151 149 148 158 116 141 149 149 144 137 136 142 145 145 149 150 160 160 149 146 144 144 140 147 144 141 137 132 133 139 142 142 142 144 143 144 147 148 144 144 148
144 139 142 152 148 137 136 144 142 148 146 148 145 149 137 141 143 141 149 151 142 141 147 153 155 155 153 148 146 147 147 146 151 145 152 153 156 157 154 157 156 150 145 148 157 150 153 149 155 155 156 155 155 149 149 158 164 138 152 156 152 144 136 148 142 141 150 149 154 153 152 153 146 148 143 143 147 147 143 142 139 138 139 138 145 145 146 147 148 146 146 144 145 149
154 150 154 155 159 144 130 138 141 143 136 131 148 153 158 152 142 142 153 152 152 145 145 150 145 150 153 150 143 154 155 154 156 160 161 156 154 159 160 160 160 156 155 154 158 152 157 161 157 156 157 149 150 149 149 153 159 164 123 153 150 145 143 147 142 142 147 146 145 153 153 147 149 146 148 145 147 148 148 143 142 142 141 142 145 144 145 147 143 151 151 153 148 149
157 156 152 153 152 155 143 141 145 142 136 150 150 151 156 163 162 162 161 158 162 155 141 149 156 157 152 150 156 156 161 161 161 159 158 158 161 153 154 154 156 160 156 156 154 156 158 157 158 161 157 154 158 160 164 161 158 163 120 153 151 148 144 140 143 140 149 145 145 146 151 152 143 148 142 149 145 148 155 150 144 145 150 144 145 144 142 146 143 155 152 155 148 149
160 164 165 160 154 158 151 138 131 134 151 155 146 150 158 155 161 162 164 162 158 148 158 160 158 158 156 157 155 153 160 166 161 158 156 159 159 154 154 153 155 154 159 160 152 153 155 148 156 157 148 158 151 154 161 159 170 165 127 155 153 150 144 147 152 153 138 146 147 151 153 146 150 149 144 145 148 153 148 145 144 149 149 146 148 143 148 148 153 153 155 154 154 153
158 155 156 164 161 160 159 156 152 154 157 155 155 156 160 159 161 159 163 161 151 157 155 155 157 158 160 163 163 161 162 167 163 155 157 163 159 159 154 154 152 152 155 156 156 158 156 156 158 157 149 162 152 152 167 165 164 165 124 157 153 149 145 152 153 151 156 145 137 139 148 147 149 148 147 153 150 144 145 147 145 157 155 146 146 146 152 154 155 154 155 154 153 155
155 158 154 158 159 157 157 161 159 156 164 155 155 160 160 157 158 159 156 157 154 158 153 155 157 160 162 168 166 159 166 168 164 156 166 168 163 155 154 152 151 151 154 156 157 155 158 158 164 157 151 163 157 160 165 170 167 150 131 159 159 152 154 149 150 145 155 151 149 140 145 150 148 150 153 147 150 143 150 150 153 153 152 152 149 149 156 153 156 152 156 151 145 147
161 162 161 159 162 162 164 159 166 162 158 158 157 159 159 159 159 156 158 156 160 163 164 165 165 170 172 167 164 159 165 166 162 173 168 166 159 158 157 155 153 154 153 152 164 154 153 154 160 159 157 162 167 160 169 174 173 167 114 156 156 151 146 151 150 151 148 151 152 155 148 147 148 147 148 148 145 149 150 147 154 154 149 153 150 157 160 149 151 151 160 160 157 148
158 164 164 162 160 160 155 160 162 160 158 160 159 158 162 165 162 161 162 161 158 160 167 167 168 167 171 171 164 161 166 164 162 172 169 166 156 157 158 155 153 156 149 150 161 157 154 153 153 167 157 156 164 160 167 173 172 178 111 133 155 152 150 148 140 149 148 152 148 146 153 142 150 151 153 153 147 148 145 152 154 152 148 153 153 161 165 148 140 155 157 157 159 153
162 164 165 157 160 157 160 160 158 158 158 158 153 158 165 164 167 165 164 167 164 166 166 169 168 166 170 170 171 168 170 168 161 165 170 170 170 171 171 165 158 157 160 161 163 156 150 158 153 168 162 164 172 171 174 173 174 131 154 140 123 142 148 150 150 151 150 153 152 148 154 150 150 153 152 149 146 149 148 156 153 152 158 151 160 163 165 159 160 160 162 161 156 152
162 160 158 161 160 158 153 158 158 158 163 161 161 160 165 162 163 167 164 163 166 166 168 167 169 171 172 171 172 175 176 172 162 162 170 172 171 176 175 170 167 171 171 165 167 154 165 163 156 168 168 160 168 170 172 174 171 128 138 156 152 153 140 142 155 151 153 153 155 152 152 147 155 154 152 155 144 149 146 157 154 156 153 155 160 158 167 165 160 158 159 160 153 151
165 167 166 161 161 149 151 158 161 160 165 168 164 160 161 164 164 163 164 167 167 167 168 170 169 175 176 174 173 169 174 176 169 169 171 171 170 173 172 172 174 174 175 170 165 157 168 173 167 162 170 163 171 173 170 175 166 117 153 158 156 160 162 153 142 150 149 153 153 152 151 151 147 152 156 155 158 160 157 155 156 155 154 159 151 161 165 162 157 156 159 158 158 153
163 171 166 165 165 162 161 162 160 159 159 164 159 158 162 161 163 162 165 167 174 175 172 169 171 171 174 170 170 167 169 171 176 175 175 176 176 172 172 169 173 167 173 169 171 169 168 171 167 165 167 168 170 164 169 173 145 159 154 162 157 161 164 159 143 148 150 149 152 153 157 148 145 152 159 157 157 161 160 159 159 159 156 156 157 157 159 155 162 161 161 160 159 158
168 167 166 169 167 166 160 164 160 162 166 165 162 161 164 162 162 164 163 163 175 176 174 171 173 170 172 173 170 171 167 168 170 173 169 173 175 177 173 173 172 174 173 175 172 172 176 176 171 171 167 156 143 145 175 163 161 166 157 169 166 163 162 160 153 145 156 155 154 154 154 154 155 144 158 158 158 159 159 162 162 160 158 160 162 161 165 166 158 153 161 164 161 158
167 167 171 171 167 167 163 162 165 169 165 165 169 167 165 164 163 166 166 167 169 170 171 172 173 171 173 171 170 171 170 170 168 167 170 172 173 172 176 174 172 172 178 179 178 175 175 179 179 182 166 167 165 162 164 163 160 161 164 159 165 162 162 161 160 149 156 158 157 155 153 155 157 145 153 159 158 158 158 159 159 158 163 162 161 165 164 160 152 157 161 158 160 160
167 169 165 172 169 166 171 166 165 167 165 169 172 168 166 167 168 166 170 171 172 178 172 175 173 171 169 172 170 169 170 170 169 169 173 173 176 175 174 177 175 176 175 176 178 171 164 126 148 146 142 164 169 166 163 164 166 166 165 160 164 162 165 162 160 160 136 156 159 156 155 155 158 146 159 159 160 165 161 160 163 157 164 167 165 164 167 167 165 163 162 163 164 163
161 167 168 172 168 167 172 170 169 169 167 171 169 169 169 167 168 169 171 171 175 174 173 181 175 169 173 171 171 167 173 170 170 170 172 173 173 176 177 176 175 177 174 165 167 148 134 162 156 166 171 171 172 172 171 169 167 166 169 162 165 164 162 165 164 163 136 156 163 162 154 154 159 155 162 159 161 164 162 161 165 166 166 167 166 165 168 166 160 166 165 167 165 166
158 171 174 172 171 174 160 172 173 172 171 174 170 169 167 175 168 169 174 175 174 173 172 174 171 167 170 172 173 170 171 175 175 172 169 169 171 171 171 169 167 172 166 151 131 124 168 171 167 162 167 168 165 168 168 167 165 167 170 163 170 167 167 168 163 161 140 149 162 160 157 160 160 157 160 164 164 162 162 161 164 166 163 168 164 164 166 167 168 165 166 169 166 167
157 174 173 168 175 180 173 175 178 174 171 170 167 167 173 172 175 168 174 175 172 172 169 170 170 170 169 170 170 171 170 170 172 170 171 171 166 169 166 163 161 164 134 128 176 172 173 163 167 166 159 168 167 168 168 167 166 167 167 170 169 167 170 166 164 162 154 147 160 160 160 160 160 162 146 162 160 161 164 162 166 166 167 162 161 161 166 168 168 166 163 167 169 165
163 168 175 170 172 176 181 181 183 179 177 181 171 175 170 169 174 172 174 177 174 169 165 168 169 168 169 172 170 166 168 172 171 170 169 170 170 167 173 173 122 154 169 168 166 159 161 163 162 161 159 168 166 166 166 166 168 166 170 152 170 168 169 167 164 160 150 145 159 161 159 159 159 162 153 154 160 166 164 165 163 166 164 165 167 165 164 168 167 168 164 168 166 160
166 169 171 170 166 163 172 180 179 180 177 176 172 171 168 173 180 177 177 181 176 171 169 168 169 170 166 167 168 170 172 172 171 170 170 174 174 172 172 148 144 171 169 174 163 161 160 160 165 168 169 166 167 165 169 170 168 167 169 168 167 166 166 166 164 163 145 151 156 160 163 158 160 162 160 154 162 164 162 164 165 162 168 167 166 167 166 168 168 168 169 166 162 160
166 163 166 166 167 166 167 173 171 174 176 173 171 169 169 171 179 180 179 179 172 173 171 174 170 169 168 169 168 168 170 172 174 172 172 161 149 151 131 124 166 172 171 169 163 161 161 163 168 166 161 164 163 166 169 169 171 169 169 159 171 168 162 167 162 161 160 149 153 163 164 159 160 161 163 151 165 163 164 166 163 164 166 165 168 167 168 166 167 166 169 170 160 163
166 166 165 165 167 163 165 173 176 171 171 168 165 166 173 168 174 174 174 173 170 175 174 172 169 172 165 170 171 167 171 177 163 148 125 154 177 181 175 172 171 164 158 159 158 161 165 165 167 157 163 157 162 165 161 155 165 171 171 159 169 167 167 166 164 165 160 147 154 162 162 156 163 163 163 152 153 163 163 164 164 162 163 169 169 168 166 164 161 166 169 170 167 166
169 166 169 173 170 165 171 170 177 173 171 169 169 170 167 167 176 173 174 170 173 174 174 169 169 170 172 173 173 171 170 163 132 154 169 177 175 177 173 175 177 166 156 153 161 166 163 160 163 160 164 162 160 161 155 158 165 170 170 160 168 167 167 165 160 163 163 151 156 160 160 158 163 161 161 163 148 162 162 163 160 162 160 162 169 167 167 161 164 165 165 170 169 169
170 174 172 175 173 170 167 172 172 172 171 172 171 171 170 167 169 167 166 167 173 174 172 166 164 168 162 169 167 172 148 171 173 177 176 168 171 171 169 167 172 168 160 167 164 160 167 166 164 172 168 164 161 160 159 163 174 162 161 162 170 169 167 163 163 162 156 161 160 154 162 165 161 159 159 161 153 149 156 156 158 161 162 164 159 159 169 166 162 164 165 167 170 161
174 173 172 177 176 171 169 166 174 169 170 170 169 171 171 162 166 163 164 166 169 167 165 166 165 164 168 166 132 131 151 178 174 171 171 166 166 168 164 168 167 171 164 165 167 169 165 166 168 164 161 156 159 161 163 170 176 166 163 163 168 170 169 164 172 165 151 165 166 155 162 163 156 156 160 161 155 144 161 157 161 167 158 161 162 158 163 167 156 160 164 167 164 157
175 168 169 172 178 171 166 169 174 168 171 166 167 167 165 157 163 160 160 164 173 162 165 166 166 165 164 132 150 175 167 168 171 166 166 166 167 166 168 166 163 164 169 172 170 165 168 164 170 167 165 169 163 165 170 148 156 162 165 165 171 174 174 173 170 158 148 163 167 163 155 161 160 159 162 162 155 147 156 156 156 162 165 164 165 160 158 161 156 156 159 165 156 160
172 172 170 164 170 167 168 169 170 172 169 166 165 166 166 162 161 160 162 162 171 168 169 164 168 170 146 169 169 176 169 162 169 168 168 168 167 165 164 166 165 167 173 169 163 165 168 163 175 169 171 166 168 167 160 161 167 164 163 164 167 176 180 174 164 160 148 165 167 166 156 162 163 160 163 160 156 160 151 157 155 159 163 163 163 160 158 155 155 152 160 158 158 157
169 168 168 169 166 166 168 170 169 164 165 164 166 163 164 165 166 170 168 162 164 166 168 160 122 148 166 166 169 169 169 164 182 176 175 167 166 166 164 164 167 169 167 171 168 167 169 166 167 167 171 159 157 164 161 168 177 165 169 160 169 175 169 168 160 166 149 167 166 168 160 158 157 164 163 159 156 157 156 143 152 158 156 162 164 167 161 154 157 150 157 166 156 157
170 169 166 165 164 166 166 168 168 164 165 163 166 162 168 170 168 165 162 167 157 133 119 126 165 167 164 165 169 168 167 166 171 166 167 165 164 166 168 164 169 168 167 169 165 166 170 171 165 166 159 160 168 166 163 171 174 171 167 169 163 162 167 169 163 159 149 166 164 166 157 154 161 162 159 156 155 154 156 154 154 154 160 164 165 163 156 156 167 155 158 163 160 156
157 157 160 167 159 144 161 164 164 162 167 165 169 163 168 167 165 160 150 130 126 146 160 168 173 166 167 172 169 166 168 172 167 169 172 166 168 166 162 163 165 164 165 169 170 169 171 165 164 163 159 164 169 171 168 167 165 174 174 167 160 163 163 163 167 156 164 165 164 161 153 155 163 162 157 150 156 157 160 155 143 158 157 158 159 164 160 162 162 160 161 156 163 164
158 162 164 158 161 163 136 142 164 167 170 167 170 168 169 165 152 129 145 167 166 166 163 166 168 167 168 174 170 168 171 177 172 171 167 174 169 164 162 162 162 161 163 166 164 168 163 166 167 166 166 149 169 168 169 168 172 165 161 163 161 159 167 172 168 159 163 163 161 157 153 155 164 164 156 158 156 158 158 154 151 153 164 158 161 165 163 161 164 161 158 156 156 160
164 165 164 164 166 166 167 170 146 160 168 175 171 177 157 138 152 165 166 171 169 168 163 169 169 166 167 171 169 167 167 172 167 166 169 176 166 162 161 164 165 165 165 173 173 171 165 171 168 166 164 146 153 170 175 171 174 163 164 162 159 163 162 175 170 154 166 166 163 158 149 164 165 159 158 160 165 162 152 156 154 156 155 166 162 166 165 163 158 152 157 159 163 156
170 166 165 166 168 169 171 168 163 148 165 177 178 167 132 167 167 166 165 169 171 168 169 168 168 169 169 171 170 173 175 166 169 168 167 168 168 165 167 168 162 165 168 167 175 174 176 175 168 167 158 156 152 173 176 182 173 161 159 162 166 160 173 169 161 154 163 168 171 171 153 157 161 155 165 160 164 161 160 160 154 156 154 167 163 169 172 167 163 155 159 91 159 157
169 169 169 171 170 170 171 171 170 167 154 167 173 169 153 165 164 163 170 172 176 169 165 166 170 170 171 170 170 168 173 173 169 167 165 173 165 163 169 164 164 163 167 170 165 172 172 174 170 162 156 163 160 156 161 171 165 165 166 169 163 171 165 164 151 155 161 169 169 166 162 153 162 169 165 160 161 163 159 159 156 158 161 154 164 168 164 161 155 160 156 152 154 155
170 170 171 170 171 173 172 174 169 170 171 161 169 171 165 150 164 165 171 169 172 168 170 168 170 170 168 168 170 167 170 172 171 169 167 172 167 162 166 170 164 165 168 167 168 172 168 171 170 166 159 169 167 166 162 163 165 160 162 175 171 170 162 166 148 158 166 166 164 161 161 160 158 164 161 161 157 156 158 156 157 163 163 157 160 165 162 162 153 161 153 160 162 159
167 170 171 174 174 171 167 170 176 170 168 172 169 165 166 167 160 160 149 145 150 163 167 168 168 166 168 168 170 169 169 172 171 166 164 167 169 167 161 165 168 164 167 168 172 171 169 169 168 167 166 165 169 168 170 167 167 161 169 164 167 166 164 161 133 164 165 165 170 165 161 161 158 157 163 157 151 159 155 157 158 169 167 159 160 167 165 163 160 152 155 156 169 158
170 167 175 167 167 167 166 169 175 173 170 169 169 172 167 171 170 178 165 166 167 152 167 169 167 169 168 168 166 169 168 170 169 169 161 170 165 162 160 163 171 171 165 169 165 164 167 171 163 163 173 168 175 171 166 168 162 159 176 178 173 168 165 162 131 158 161 159 167 166 161 161 168 156 160 163 156 157 161 161 161 167 165 159 161 163 166 160 160 151 150 162 168 163
170 172 173 171 170 170 170 172 175 173 169 169 169 168 167 168 173 168 170 163 162 164 155 175 170 170 172 171 169 175 171 174 175 169 164 171 167 162 166 166 164 170 161 163 162 164 167 169 171 164 167 159 176 172 169 171 160 165 164 170 171 165 163 157 140 147 159 154 145 155 165 171 172 166 159 162 154 158 157 157 163 166 161 166 155 158 163 159 157 153 153 157 165 164
