NDVI-HI Matrices/GreenMatrix12.asc
ncols        129
nrows        129
xllcorner    0.000000000000
yllcorner    -129.000000000000
cellsize     1.000000000000
NODATA_value	-9999
[rows 42 to 83 of 129, columns 0 to 94 of 129]
106 102 90 106 110 114 111 111 109 103 52 14 18 89 54 4 2 3 4 1 2 4 5 4 4 4 4 4 4 8 18 114 115 85 112 117 116 116 98 104 105 99 91 67 97 86 7 8 11 7 7 7 5 4 0 0 0 0 0 0 0 0 0 0 0 0 0 0 0 0 0 0 0 0 0 0 4 5 4 5 4 3 4 4 4 7 7 10 7 8 7 14 14 7 15
109 108 108 113 112 109 111 101 111 94 50 18 17 68 60 4 2 1 1 3 2 2 2 5 6 5 4 4 4 6 29 101 117 118 119 113 84 51 18 20 22 19 22 15 27 44 46 55 13 7 6 6 6 4 0 0 0 0 0 0 0 0 0 0 0 0 7 8 7 7 7 7 5 5 6 5 4 4 4 5 6 6 4 2 4 7 7 8 7 8 10 10 10 12 12
111 109 109 110 110 105 109 111 108 96 66 50 33 55 48 30 14 4 5 7 4 4 6 14 14 15 12 7 8 36 57 97 104 109 111 102 75 45 30 37 41 38 30 26 46 59 95 97 87 77 60 24 18 13 6 0 0 0 0 0 0 0 3 0 2 2 5 8 7 8 6 7 7 6 4 5 1 1 4 4 4 4 4 27 25 9 46 65 48 49 101 76 42 60 44
104 108 114 114 110 111 108 108 106 98 82 57 62 68 67 57 30 28 24 17 22 16 18 14 20 29 23 33 26 45 57 100 104 108 107 90 65 64 49 50 50 46 39 32 50 71 99 97 95 91 81 50 42 11 10 5 3 0 0 0 1 3 3 1 1 1 5 6 15 19 27 15 11 6 7 2 5 6 3 4 10 8 7 19 17 18 23 51 73 86 103 85 68 69 65
109 111 115 108 110 106 101 106 106 102 90 77 78 80 85 90 68 60 50 44 50 48 34 33 40 44 46 50 55 52 78 92 102 105 107 79 81 78 81 73 60 62 51 47 63 92 103 94 91 88 79 60 48 23 14 8 7 4 0 3 5 7 7 5 7 13 29 13 25 36 46 40 32 16 7 8 19 12 7 20 53 65 71 84 82 83 96 98 106 104 103 98 96 91 97
108 110 113 108 101 103 108 108 108 105 102 92 96 94 97 107 98 84 78 61 68 60 42 48 49 54 52 61 62 80 86 105 108 109 106 99 92 95 99 100 101 92 83 78 91 101 107 104 98 96 93 88 85 50 27 15 15 9 5 5 5 7 14 27 47 63 76 81 78 77 81 80 78 57 35 27 34 49 33 30 74 103 107 99 98 107 114 116 110 109 106 98 100 108 108
103 113 106 104 108 106 103 110 109 108 106 100 104 117 113 108 99 100 97 90 94 84 68 55 58 71 81 82 82 101 100 110 114 119 122 105 109 106 108 114 116 114 108 104 105 105 105 105 102 103 101 99 97 82 77 35 17 7 6 6 6 13 14 37 61 76 106 98 88 109 82 94 92 72 65 41 30 48 97 92 90 108 111 107 105 107 112 112 107 111 104 96 102 99 100
115 115 110 108 108 108 111 111 111 111 111 108 105 116 112 109 108 109 111 111 116 113 107 96 102 104 105 99 104 110 115 112 119 123 120 98 104 107 110 113 117 112 114 109 105 107 107 105 102 99 91 86 73 69 71 22 16 9 7 11 10 15 20 54 72 80 106 89 70 106 85 90 91 81 70 50 94 110 95 110 108 109 106 114 108 110 106 111 114 105 108 97 109 110 104
111 116 114 114 113 112 113 111 113 114 115 117 115 115 114 115 117 115 115 114 117 119 118 115 114 110 110 113 117 117 119 118 120 126 122 110 109 96 110 119 119 116 116 113 98 106 112 112 113 110 113 118 118 113 108 104 86 79 40 11 13 36 40 102 100 94 106 82 82 88 87 94 64 67 85 94 107 108 106 104 104 115 115 113 107 108 109 116 117 111 111 106 94 106 97
106 103 113 117 117 117 117 118 123 122 119 117 112 110 110 117 120 122 119 122 119 117 119 112 114 111 110 109 116 122 121 123 123 124 125 119 118 113 109 117 118 117 116 111 109 116 115 117 113 115 116 113 109 106 112 103 77 86 65 55 15 38 94 109 110 107 102 102 86 80 72 81 88 106 90 107 110 105 113 112 103 114 111 112 97 103 109 106 98 110 112 106 107 108 106
108 114 118 114 117 119 120 123 122 123 117 117 121 117 121 123 122 119 120 119 113 116 118 113 114 117 115 120 119 119 112 116 116 124 123 113 117 119 119 121 119 113 122 118 112 115 116 119 118 119 117 110 104 107 103 106 103 87 81 77 55 35 108 109 110 108 101 97 114 86 99 80 113 117 104 107 108 113 112 110 105 117 111 106 107 110 109 104 110 110 98 105 110 108 100
116 83 123 127 126 124 125 130 130 123 127 125 124 115 111 119 119 106 103 121 117 116 115 113 103 115 112 122 126 123 125 120 118 120 118 118 120 116 94 88 123 122 111 116 119 118 107 109 117 115 108 98 105 112 111 108 100 95 99 105 114 110 109 108 119 96 105 103 100 60 98 113 114 120 116 114 114 108 111 112 106 113 111 100 108 103 104 103 97 105 104 108 111 107 100
134 134 135 134 128 127 125 132 131 132 129 130 128 124 123 119 118 118 114 124 123 126 121 120 119 113 119 120 121 123 116 111 115 113 112 105 118 118 107 108 120 112 114 121 108 118 118 121 118 103 120 117 114 113 111 107 102 108 105 108 114 114 117 99 112 110 107 112 83 80 119 122 110 113 113 112 112 117 109 108 106 108 101 103 103 109 103 110 107 106 111 110 111 105 103
131 134 135 133 130 126 124 132 135 134 128 133 131 124 121 124 122 119 123 125 117 114 122 118 117 122 119 125 122 110 100 102 111 115 119 120 119 119 119 115 118 117 121 123 118 115 114 100 103 122 121 121 118 114 111 105 109 112 114 115 117 108 113 115 107 114 104 110 84 115 127 115 112 107 114 114 115 116 110 103 100 102 108 95 94 96 107 107 106 111 111 112 104 104 106
132 134 129 127 128 135 130 131 132 132 132 132 128 127 129 123 125 127 125 107 111 123 122 122 122 107 104 110 82 89 78 93 118 125 121 121 127 123 118 118 119 119 123 125 116 118 114 117 114 119 113 115 114 107 107 109 117 122 121 123 122 97 103 119 101 116 113 102 80 126 121 117 114 104 113 115 116 116 105 109 114 114 110 113 107 103 109 113 111 111 113 112 100 108 113
126 132 121 123 129 133 130 120 129 131 124 127 130 130 110 107 123 119 121 122 121 125 121 122 117 116 109 112 112 84 92 121 119 119 115 120 121 120 122 121 125 124 129 130 127 126 117 127 131 129 124 118 112 102 115 129 127 120 115 118 122 114 108 125 114 123 116 83 111 111 115 116 113 114 113 115 110 114 112 113 112 111 120 118 114 113 113 115 112 110 113 102 105 113 112
129 130 113 125 132 134 133 128 127 128 128 125 126 130 130 119 118 123 125 123 128 127 122 124 112 116 109 88 89 96 97 112 119 116 115 121 116 122 124 115 120 123 126 127 122 118 125 118 118 120 119 110 106 117 121 124 118 123 117 118 125 115 117 119 115 128 120 98 119 112 114 114 111 112 116 117 110 113 113 114 109 117 119 114 112 115 118 116 115 113 116 111 112 103 106
130 134 132 125 121 130 132 121 114 130 121 127 123 121 129 124 111 117 125 129 129 124 126 127 117 79 51 71 109 119 113 117 120 120 117 113 112 110 115 88 114 117 119 123 128 126 123 122 124 122 118 115 126 124 118 115 118 123 123 124 126 127 125 125 120 107 99 90 112 104 114 119 114 113 114 117 116 114 115 116 117 112 109 114 113 116 121 119 122 120 114 107 111 108 115
129 131 134 126 126 127 123 99 128 129 117 112 118 119 118 127 127 127 119 118 102 110 128 109 68 69 42 69 90 118 117 121 123 125 122 124 118 101 112 86 115 112 129 134 135 134 120 123 117 116 120 128 123 120 126 124 124 122 123 124 120 102 100 121 124 120 107 92 122 116 109 117 115 118 115 115 116 112 115 116 119 114 112 117 119 120 118 119 120 117 111 112 109 111 113
117 129 129 126 131 127 127 123 98 119 125 120 130 130 131 130 117 104 71 99 122 122 117 111 102 104 78 100 115 122 125 124 105 115 112 120 117 116 113 118 118 126 123 123 132 132 123 120 122 129 130 131 130 130 129 130 131 124 120 123 121 116 110 125 123 122 85 111 122 117 106 113 115 116 118 117 118 122 118 116 117 119 117 118 117 118 117 120 116 115 115 109 112 107 106
120 119 115 122 128 129 125 124 126 129 118 132 132 131 123 122 122 120 107 54 111 116 122 120 105 117 116 120 122 123 124 120 117 120 124 120 120 120 116 110 110 115 131 124 131 128 121 115 128 129 127 122 130 131 131 128 130 122 124 125 119 119 121 126 124 116 105 120 120 114 120 116 118 117 116 116 117 117 118 119 117 118 118 119 119 120 118 119 115 117 113 110 114 111 108
106 112 118 125 129 126 124 117 95 126 130 130 121 99 121 119 122 114 125 119 124 120 119 123 124 116 114 99 90 119 119 122 125 124 126 119 115 112 118 119 110 119 124 128 122 118 119 126 126 123 122 127 133 129 129 130 129 125 125 120 117 114 117 112 101 104 114 118 117 115 117 119 118 117 116 117 116 116 115 115 118 114 116 117 118 118 119 121 120 118 115 116 112 117 116
119 106 123 131 133 135 129 121 41 96 120 131 121 104 105 117 120 121 120 113 119 124 124 122 112 119 128 126 118 124 114 131 123 118 120 120 118 120 119 116 121 124 119 122 115 115 125 126 125 127 127 131 128 131 133 132 127 117 120 119 119 124 121 115 100 115 130 123 118 116 117 118 120 116 115 115 116 116 116 117 117 113 117 113 115 120 118 120 117 114 118 111 112 118 113
117 113 129 129 124 129 132 130 120 108 102 111 112 124 119 109 127 123 120 113 106 112 130 125 117 119 129 127 125 124 120 116 126 124 123 115 119 117 123 126 128 126 115 106 122 128 127 124 106 114 129 133 126 131 129 129 126 121 120 118 119 125 126 122 125 102 132 123 113 116 116 115 116 115 115 117 116 117 121 118 119 117 115 115 118 117 120 124 120 119 120 113 114 112 112
101 117 129 132 133 128 128 128 129 128 132 105 107 117 116 127 124 127 121 125 128 131 131 127 112 121 111 108 105 84 117 115 117 124 127 120 115 112 117 120 117 117 121 125 132 128 112 117 119 122 130 128 131 132 125 118 109 99 117 124 123 123 118 104 96 125 111 110 117 120 119 114 115 116 116 115 116 114 117 113 120 119 115 120 119 119 119 119 122 121 120 117 117 115 109
102 118 121 128 137 131 128 126 128 94 101 126 120 124 113 122 126 125 120 117 119 125 125 128 127 113 108 127 128 126 121 117 119 129 127 125 116 116 115 110 113 114 126 125 135 136 116 109 117 110 128 131 128 127 123 115 130 115 107 120 120 127 129 109 119 114 111 109 122 116 116 115 115 117 116 116 115 112 113 113 115 114 117 116 120 120 121 120 119 119 119 119 117 108 114
115 121 120 130 134 130 128 128 133 126 125 121 117 112 128 128 126 125 122 120 106 76 102 131 131 119 120 120 123 119 103 112 122 115 123 120 120 117 126 119 112 122 115 123 129 133 126 127 130 127 126 132 127 128 125 127 134 119 106 103 110 128 113 114 113 112 113 107 117 114 116 114 117 121 119 116 116 117 114 113 115 116 117 114 120 119 120 119 120 119 117 119 115 107 112
106 107 117 129 127 118 130 128 124 125 124 119 126 125 126 129 126 126 127 128 88 84 112 128 121 115 122 123 117 107 115 114 118 117 116 116 106 112 114 118 115 111 127 129 131 132 123 122 119 124 131 127 126 128 130 100 129 122 128 112 130 120 118 111 113 112 114 111 114 119 121 118 118 121 118 115 117 115 115 115 116 118 120 114 118 119 122 119 119 117 117 115 117 109 116
102 108 121 132 135 132 128 126 134 121 115 118 118 127 123 123 121 122 115 122 125 126 123 122 119 115 120 119 117 109 122 121 117 116 95 124 117 119 119 123 116 112 119 122 126 127 127 122 121 126 128 120 121 118 114 113 123 125 130 124 118 117 121 112 118 118 90 110 119 114 122 121 120 121 116 115 117 115 116 120 120 117 115 117 117 119 116 113 116 126 119 120 118 110 120
119 102 124 131 131 129 130 127 127 124 119 126 126 129 119 122 124 123 105 114 122 121 120 126 129 125 123 113 107 121 116 115 114 127 124 127 123 115 119 115 111 126 124 124 125 127 116 87 121 129 135 124 124 118 108 102 132 127 126 124 116 112 124 114 114 114 105 112 119 120 125 124 125 122 121 119 115 122 118 116 119 118 117 118 120 122 118 120 120 120 119 120 115 117 117
105 118 119 121 121 127 126 124 125 124 130 121 127 130 132 130 123 120 124 120 124 128 125 129 131 129 130 127 128 117 112 121 126 125 129 126 119 120 112 106 115 131 129 137 134 133 125 129 124 129 126 127 126 121 115 108 128 126 126 120 119 114 120 126 129 121 119 117 121 121 127 123 121 121 124 121 122 120 121 118 121 115 116 118 124 122 119 121 121 119 119 122 110 118 113
106 113 121 127 125 128 128 119 121 125 128 124 111 123 122 128 128 122 101 113 127 127 123 129 128 125 121 122 128 124 117 111 121 131 128 122 119 115 106 122 128 125 128 129 132 131 118 126 133 131 133 129 125 121 119 114 125 134 129 120 112 129 127 126 126 122 119 116 120 122 125 125 125 123 125 124 122 120 119 121 123 121 118 119 122 124 122 118 120 118 120 108 113 116 114
106 115 117 124 130 127 127 120 122 124 83 109 127 123 126 124 126 131 123 128 120 113 104 130 129 125 119 126 126 120 120 125 127 125 126 115 120 115 128 128 130 134 131 133 136 139 137 139 129 131 136 133 121 126 129 87 115 131 132 124 125 129 128 129 125 121 122 122 123 128 129 125 126 124 123 125 122 122 121 120 121 124 124 125 124 124 122 120 120 117 119 115 112 118 117
109 123 132 127 135 128 121 126 129 129 120 123 124 129 128 122 114 124 118 128 122 123 125 128 132 131 130 130 130 123 116 124 124 109 126 120 128 118 130 130 130 133 131 134 138 138 137 140 133 119 130 132 123 130 137 104 85 130 133 128 123 91 117 129 123 115 118 121 121 124 128 125 123 124 124 123 122 120 119 120 123 122 124 127 127 123 123 121 119 116 115 116 111 111 111
104 117 132 128 133 133 128 133 134 127 128 121 123 124 120 119 124 117 127 124 126 126 125 125 128 130 131 131 130 125 124 124 123 121 126 134 132 120 126 125 128 133 131 134 138 140 141 139 137 141 139 129 121 137 133 114 86 128 132 120 129 129 120 122 124 119 123 121 125 117 121 127 136 130 125 122 124 122 121 120 123 123 123 125 125 124 121 119 119 117 115 113 120 119 107
110 127 134 135 138 138 133 133 132 121 120 126 122 125 128 126 126 127 124 127 130 129 130 130 129 129 127 126 130 127 119 120 116 130 129 127 132 124 123 130 128 127 132 134 127 118 132 136 140 139 138 126 133 138 135 126 86 126 131 123 127 130 115 126 128 121 122 118 123 128 120 125 132 132 128 123 121 119 119 120 123 122 123 125 124 124 120 116 116 119 119 115 118 121 114
115 126 137 139 138 139 140 136 136 136 136 130 126 122 129 129 128 119 120 131 130 127 128 127 132 130 129 131 130 123 122 115 119 131 130 132 126 112 131 129 122 132 130 135 138 137 133 132 137 133 123 131 130 135 135 124 94 128 127 123 125 127 126 123 117 116 110 119 123 124 132 127 126 127 128 125 118 120 120 122 122 123 122 126 123 119 119 120 122 120 119 117 119 119 117
118 124 133 120 125 129 138 140 137 137 133 131 131 130 128 128 128 127 129 128 123 124 132 135 136 135 137 135 134 129 130 120 126 127 130 131 130 120 131 134 131 134 135 134 135 137 135 132 137 130 126 137 135 133 130 119 93 126 129 128 125 128 128 127 119 115 121 119 117 118 132 132 133 129 122 122 122 120 122 121 124 123 123 124 125 126 121 120 123 119 116 115 114 115 115
122 112 107 116 121 127 132 133 135 133 132 131 130 130 127 131 130 131 134 122 133 129 133 137 135 132 136 134 132 130 127 126 122 133 127 130 119 121 131 130 133 134 134 131 132 133 131 135 138 131 130 135 128 129 133 122 89 127 133 126 124 136 127 126 127 128 122 122 122 124 130 134 132 123 122 125 123 122 120 121 124 124 124 123 123 124 124 125 122 121 119 122 119 116 117
128 134 135 127 119 113 123 131 113 117 119 129 135 132 132 132 130 129 131 128 111 122 122 121 118 127 127 129 129 128 131 131 130 125 117 110 116 126 133 133 133 135 134 135 135 139 134 136 125 130 134 138 135 132 130 128 91 122 131 125 121 128 127 128 126 125 126 121 124 129 135 135 135 134 129 128 125 125 121 125 118 123 123 123 124 125 124 122 121 116 117 119 117 114 117
139 144 135 141 138 128 115 116 109 109 111 121 134 135 129 132 130 119 110 115 124 125 122 127 125 124 120 123 131 127 125 119 124 121 115 124 120 127 131 133 134 130 136 136 138 142 135 130 139 140 142 135 138 139 135 131 107 121 132 134 125 118 127 121 118 118 125 128 128 127 134 135 136 134 131 125 124 123 126 119 118 123 122 123 122 122 123 123 122 118 117 120 115 116 121
143 140 140 137 135 128 122 118 123 128 125 116 112 123 134 128 121 117 133 132 130 117 107 115 123 121 126 115 126 127 123 107 107 120 119 128 126 126 129 133 132 137 136 131 131 121 123 127 137 137 136 132 136 129 129 129 122 105 132 135 126 123 120 126 125 123 126 128 129 132 137 132 139 136 135 130 124 124 126 122 123 125 123 122 121 124 121 123 125 121 118 114 115 116 114
