NDVI-HI Matrices/GreenMatrix8.asc
ncols        129
nrows        129
xllcorner    0.000000000000
yllcorner    -129.000000000000
cellsize     1.000000000000
NODATA_value	-9999
[rows 42 to 83 of 129, columns 0 to 93 of 129]
118 116 110 120 123 125 123 121 123 115 73 34 38 95 61 14 10 16 14 11 11 7 10 7 10 5 8 7 11 7 43 126 122 102 120 127 126 125 114 115 116 114 102 78 102 86 10 9 16 8 7 6 3 3 0 0 0 0 0 0 0 0 0 0 0 0 0 0 0 0 0 0 0 0 0 0 6 6 6 6 11 8 4 7 6 1 2 5 1 2 2 1 1 3
109 118 118 120 121 122 117 116 116 105 42 20 34 88 80 28 13 10 13 7 7 10 11 11 9 7 9 7 13 8 56 113 127 123 122 118 95 62 28 29 16 24 14 8 31 50 46 59 15 7 6 6 7 6 0 0 0 0 0 0 0 0 0 0 0 0 5 7 5 5 6 5 1 1 4 4 5 5 7 7 7 6 5 5 5 1 2 4 4 1 4 1 3 1
107 107 116 118 118 118 119 116 117 106 71 59 57 88 75 59 40 38 24 13 15 14 15 17 7 7 14 20 18 58 75 117 123 126 121 111 85 51 35 33 31 21 21 24 31 46 91 94 81 74 46 23 16 7 3 1 0 0 1 1 1 0 0 0 0 0 5 10 6 2 5 4 5 5 2 1 5 5 5 3 4 4 6 33 31 13 45 69 52 53 111 83 42 73
107 108 110 116 118 120 117 118 117 115 101 93 78 88 79 72 63 58 41 44 26 21 22 15 13 9 19 35 40 68 82 113 119 119 120 106 98 58 42 44 36 33 28 32 37 58 91 94 91 84 65 44 26 17 7 4 1 0 0 3 1 1 4 0 0 1 9 16 18 13 16 11 8 6 5 7 5 8 19 16 14 8 15 15 20 21 30 50 71 82 97 88 81 86
112 109 110 108 105 111 112 114 118 118 114 110 108 107 103 99 88 67 71 69 49 34 40 37 37 54 61 52 61 81 94 116 120 122 120 109 92 78 68 58 42 36 29 33 72 93 94 95 94 97 89 54 32 22 18 9 3 2 2 3 2 4 5 5 12 26 36 34 50 53 60 48 26 17 17 13 11 19 22 35 65 72 79 81 92 99 103 119 118 114 111 114 106 111
113 110 110 104 97 103 113 114 116 118 117 115 115 116 112 109 100 87 88 89 85 83 74 74 71 84 88 75 78 87 106 117 123 122 122 113 109 100 86 78 88 65 75 73 95 99 99 95 91 98 97 85 79 43 24 19 11 7 6 5 7 6 14 44 57 84 85 85 83 86 96 94 82 41 28 26 24 45 40 50 83 111 115 113 112 121 125 127 126 125 124 122 122 130
110 105 115 118 112 113 116 116 120 119 117 118 118 119 118 118 115 112 102 103 114 116 118 110 105 105 108 107 103 111 120 123 124 124 122 113 110 110 117 120 121 119 113 110 106 107 108 104 99 95 103 102 100 90 64 24 12 13 11 7 9 10 17 56 83 102 111 106 100 113 90 104 106 82 65 51 34 61 105 104 112 127 125 124 121 123 126 129 123 122 123 123 119 122
114 109 117 118 117 117 117 121 121 122 121 124 121 117 119 118 120 121 120 119 122 125 124 121 122 119 120 123 124 119 121 128 128 128 126 117 111 114 120 124 125 124 121 118 117 114 112 110 105 104 103 94 81 76 82 29 15 10 7 7 3 18 23 65 88 90 117 97 84 120 99 106 103 90 75 53 112 123 118 131 131 128 125 127 123 123 124 130 126 121 121 119 126 129
117 116 116 120 122 120 123 125 126 127 128 127 126 123 119 121 125 125 124 124 129 132 128 127 127 124 123 129 128 130 131 132 132 133 132 126 123 109 121 128 131 128 127 125 117 120 121 120 123 121 119 124 125 128 123 115 101 105 57 6 6 37 45 118 115 106 116 95 97 101 109 110 73 78 94 109 127 128 132 132 131 131 129 128 125 127 131 130 130 126 126 121 123 125
122 124 125 126 125 125 127 129 131 132 131 132 126 128 128 134 133 135 134 136 133 135 135 129 131 129 128 128 135 136 134 136 132 133 135 133 131 127 127 131 129 127 127 121 122 124 126 129 127 132 131 127 128 127 131 119 90 111 88 76 14 43 114 128 119 117 116 116 101 100 82 99 98 121 115 131 135 133 133 132 132 132 129 130 122 128 130 128 120 125 128 127 128 126
123 128 129 128 130 131 136 135 135 136 133 134 133 135 135 137 135 131 133 135 132 133 130 130 133 134 131 134 131 132 131 129 127 137 135 128 132 134 130 132 130 122 133 131 127 132 134 133 133 135 134 129 126 129 126 130 120 105 99 97 77 47 126 119 122 119 115 118 127 98 117 95 129 132 125 128 135 133 134 132 132 133 128 130 128 134 127 129 128 124 120 124 126 126
126 104 133 140 136 136 140 143 139 135 140 140 138 132 131 137 133 124 123 137 135 136 130 127 127 135 127 137 139 138 136 135 132 134 131 134 137 135 109 110 132 132 125 134 132 133 127 127 132 129 123 111 121 129 135 131 126 122 119 122 135 125 119 122 129 110 123 119 121 66 111 124 127 135 135 131 128 128 132 132 136 133 130 128 128 128 125 123 116 123 123 126 128 127
144 146 146 143 140 138 138 145 143 145 146 144 143 139 137 135 137 132 135 139 137 138 134 137 137 130 133 138 136 138 130 127 132 127 126 122 134 132 123 126 134 125 130 131 116 134 131 135 131 120 126 130 132 136 132 128 121 127 123 124 132 132 137 117 124 127 126 129 98 91 130 132 127 132 129 128 132 138 133 133 133 129 130 134 132 129 128 129 126 126 127 128 128 126
145 149 147 146 144 139 139 143 148 148 143 147 144 141 135 140 137 137 139 138 134 133 138 139 135 135 135 139 138 127 123 125 127 131 133 135 135 132 133 132 131 131 133 135 127 129 128 117 122 137 139 138 137 136 133 124 128 134 132 133 132 127 134 135 126 128 121 123 93 129 143 128 126 126 134 130 134 136 136 132 135 134 133 127 118 124 130 129 129 131 131 129 128 123
145 144 141 141 142 144 143 143 144 146 148 146 143 144 144 140 138 142 139 125 125 143 142 138 135 124 129 127 107 114 98 115 133 137 137 139 140 138 136 132 135 135 138 136 127 126 129 130 125 132 131 134 135 131 127 126 135 139 138 145 141 115 121 140 119 133 126 116 90 141 135 131 129 123 134 133 137 135 127 131 136 136 135 133 131 126 130 134 132 134 132 132 123 127
143 146 135 138 141 147 144 138 145 145 137 142 145 144 128 124 139 137 135 140 136 138 137 134 132 134 129 132 131 113 117 139 136 134 131 139 139 138 138 136 135 137 141 139 139 136 133 140 142 141 138 138 132 128 137 148 146 139 134 136 144 131 129 142 133 140 135 98 131 130 133 133 130 132 134 135 135 133 134 134 134 135 138 137 137 134 135 136 134 129 131 126 127 130
146 141 135 140 143 148 147 144 143 142 141 141 143 143 143 134 137 138 142 142 141 140 137 138 135 132 129 110 115 118 113 129 135 128 131 134 137 138 139 131 135 135 137 140 139 139 143 138 137 136 136 130 127 139 145 145 137 142 136 142 145 132 135 137 136 145 140 112 141 129 133 136 132 132 135 135 134 135 137 131 133 139 138 135 135 137 139 138 136 132 136 130 130 125
147 147 143 139 135 146 145 137 134 141 138 136 139 140 140 139 138 139 142 145 141 140 143 141 133 104 63 90 128 136 132 134 136 136 136 129 131 127 127 110 131 136 136 140 143 142 139 139 138 134 134 129 145 142 141 136 142 141 144 147 146 141 143 147 142 128 116 110 132 128 134 139 135 137 137 136 135 135 136 138 135 136 135 137 136 138 141 139 139 136 136 132 131 133
142 147 147 142 137 142 139 124 142 143 135 133 132 137 138 146 146 145 138 136 131 130 142 129 98 84 56 87 106 133 132 140 138 139 137 137 131 118 125 108 130 132 145 147 148 146 138 136 133 131 138 142 145 142 146 145 144 147 148 142 142 121 121 143 145 143 132 109 145 134 135 140 140 139 137 139 135 134 137 138 140 138 138 139 140 140 140 140 139 138 133 132 131 132
134 146 143 144 147 142 140 136 124 136 136 135 142 144 147 145 135 133 102 119 141 141 133 130 121 123 95 115 133 138 140 139 130 132 128 134 134 131 133 134 134 139 140 139 145 145 140 135 139 144 147 147 145 146 148 150 149 143 144 144 141 138 133 145 146 146 104 134 143 136 130 137 141 139 139 140 140 137 139 138 139 142 140 143 141 138 140 139 140 139 137 132 135 133
139 135 131 142 146 142 139 143 143 143 140 145 147 147 144 144 142 140 118 76 135 142 145 141 130 140 144 141 141 141 141 134 136 136 139 137 135 136 136 129 123 135 145 139 146 144 137 134 145 146 142 136 144 149 150 150 147 145 142 147 141 139 141 148 146 140 122 144 141 137 141 141 141 141 136 140 139 138 139 139 140 141 143 142 141 139 138 140 139 138 136 135 136 135
120 130 134 141 143 139 137 130 125 140 146 144 136 128 138 138 137 140 140 139 145 142 144 145 144 138 137 115 105 136 137 140 145 142 144 141 139 134 139 135 125 139 142 145 140 135 136 145 147 139 138 144 150 152 152 150 150 146 144 144 139 134 139 136 124 123 140 143 139 139 141 141 142 141 141 141 140 140 139 139 140 141 142 140 140 141 141 140 139 139 139 137 135 135
133 125 140 146 148 145 140 134 83 114 137 144 140 126 140 140 139 146 144 137 143 146 146 146 134 142 149 145 142 142 134 147 143 138 142 142 138 142 142 138 142 143 139 137 133 134 144 145 144 144 144 149 144 150 153 151 146 139 141 142 144 147 142 139 123 140 159 149 141 139 140 141 141 141 141 141 142 140 140 142 141 141 141 140 139 141 140 139 140 139 140 133 135 136
136 135 146 146 143 146 147 144 135 128 128 133 139 139 141 135 145 144 141 132 127 136 147 146 138 145 151 147 145 145 143 139 144 142 141 138 138 138 145 147 146 144 132 128 139 146 144 143 130 134 149 148 141 151 148 150 145 143 142 144 144 152 155 153 156 128 155 149 139 141 141 136 138 142 139 142 140 140 143 144 142 142 142 137 140 141 140 139 138 138 140 135 135 134
122 137 145 148 147 144 144 144 143 143 145 136 134 133 140 146 147 148 143 145 149 148 146 147 140 144 140 132 133 115 134 141 142 144 145 139 135 131 137 137 136 133 137 142 150 147 136 135 140 141 147 149 147 150 148 140 130 125 144 155 156 152 148 130 120 152 134 137 142 146 141 139 141 141 142 143 140 142 144 141 140 141 141 140 139 139 139 141 141 139 139 139 138 138
121 135 136 144 153 143 144 142 142 109 126 144 144 143 139 142 145 146 143 144 144 148 146 146 147 143 141 148 150 148 144 136 146 148 146 144 134 140 134 132 131 134 143 146 153 153 131 129 137 137 144 149 149 145 145 137 153 142 136 151 164 164 162 137 146 136 133 134 142 142 140 139 140 140 141 141 142 142 143 141 142 142 140 137 138 139 139 139 140 140 139 138 138 130
131 136 137 148 148 146 144 146 147 141 140 144 140 137 146 143 151 151 147 147 131 100 132 149 150 148 144 147 144 146 135 136 149 145 142 142 138 142 143 140 130 140 143 142 146 149 143 144 147 144 145 150 147 146 145 154 159 153 134 129 144 159 143 144 138 137 135 133 140 138 141 139 141 141 145 145 142 142 140 139 143 141 139 139 136 136 138 139 139 139 137 137 138 128
125 125 137 146 144 142 147 150 145 145 143 138 141 147 145 150 149 148 151 147 117 114 136 148 147 143 144 147 143 135 143 143 147 145 143 137 124 128 134 136 131 130 144 148 147 148 142 141 137 142 148 147 146 147 149 120 150 152 160 137 160 145 145 137 141 140 136 137 140 144 143 141 141 142 144 142 142 142 139 143 143 141 139 139 139 138 140 141 139 138 136 138 137 134
120 125 142 153 153 148 145 145 152 143 141 138 142 146 149 149 151 146 139 143 145 146 145 147 142 139 142 145 141 138 148 148 143 137 125 142 140 136 138 138 134 130 139 140 143 146 145 140 135 144 149 144 144 145 140 141 149 151 158 148 142 140 146 137 141 139 114 134 142 140 143 141 142 143 146 141 140 141 142 144 140 137 136 140 142 139 139 136 137 138 136 139 138 134
135 121 141 151 152 150 150 147 146 148 144 147 145 146 142 146 148 147 135 141 143 148 145 148 149 148 148 140 140 147 143 145 138 144 143 146 144 137 135 135 130 148 142 144 141 144 132 106 141 148 153 145 147 145 130 121 157 153 156 150 134 138 146 136 138 134 131 134 139 138 148 144 146 145 144 142 139 142 144 142 140 139 140 141 141 140 139 139 139 137 137 139 137 138
133 135 143 142 144 144 147 144 146 147 150 143 146 147 150 148 146 144 146 146 147 155 149 150 150 151 150 151 151 146 137 145 146 148 152 149 142 142 132 124 134 151 152 156 153 150 146 146 149 150 145 149 150 145 139 128 154 154 147 142 139 138 141 145 147 140 140 139 140 142 148 147 144 145 145 145 139 140 142 140 142 141 140 143 140 140 142 140 139 138 141 139 132 138
125 136 142 152 147 147 146 139 145 147 147 143 146 142 148 148 149 142 133 139 149 149 148 149 149 147 142 147 152 148 143 137 148 151 149 145 141 134 129 141 150 149 152 152 153 150 137 144 151 151 152 151 144 142 141 143 147 154 145 139 137 147 142 146 147 144 139 141 144 141 149 152 147 144 142 146 140 140 140 141 140 142 140 139 138 141 141 139 136 136 138 129 136 137
130 135 138 146 152 147 142 142 140 145 106 135 146 149 150 150 152 152 145 150 147 136 132 151 150 145 142 149 150 145 145 149 153 151 149 140 142 135 146 149 151 155 153 154 158 159 155 156 151 153 156 154 142 150 152 106 138 152 148 145 144 146 145 143 144 139 141 146 143 147 151 153 148 147 144 146 142 139 141 142 143 141 139 142 141 143 144 142 140 138 138 137 136 135
132 144 147 150 153 148 139 146 148 147 140 145 144 151 151 143 144 146 148 153 149 148 149 150 153 152 150 149 153 150 145 152 150 142 144 143 147 139 152 150 151 154 152 154 159 158 156 159 152 149 152 153 142 153 154 117 102 152 152 144 141 107 136 144 142 136 141 143 147 145 153 155 152 150 145 143 141 141 142 143 142 140 139 142 143 141 142 142 139 139 139 138 135 135
125 137 153 148 150 147 146 152 150 147 147 144 139 146 143 142 148 144 151 148 151 150 149 147 148 153 151 150 153 151 151 149 152 148 152 154 152 141 149 149 153 154 154 152 157 159 160 157 158 161 161 151 141 158 154 131 102 149 151 139 148 145 139 142 141 142 143 145 147 142 151 156 159 154 144 142 141 147 144 143 144 142 141 144 142 141 142 142 139 138 137 136 141 144
130 145 151 150 153 152 151 151 149 140 141 144 141 149 149 150 150 149 153 151 152 149 149 149 150 146 152 150 153 151 145 148 150 153 154 155 154 145 146 156 152 150 156 156 151 140 150 153 157 158 159 144 155 155 155 144 107 152 150 138 144 143 141 145 146 144 143 143 149 146 145 151 158 153 144 144 146 145 141 142 143 144 145 143 144 144 142 139 140 139 140 141 141 142
132 143 151 156 154 156 154 153 150 152 151 150 145 145 153 151 149 140 144 148 148 147 147 148 153 153 151 151 152 146 146 144 147 153 152 153 149 140 155 153 145 157 153 154 155 155 150 155 156 152 145 153 155 154 158 148 110 153 152 144 141 149 147 142 138 136 129 143 145 147 154 152 155 149 145 144 142 144 144 145 144 146 146 144 141 140 140 141 143 144 142 143 142 140
133 141 148 138 142 150 155 158 155 155 150 149 153 151 149 148 150 152 148 151 147 145 151 154 157 157 155 156 155 155 156 149 150 152 154 155 152 145 158 157 156 158 154 155 156 158 156 153 156 151 147 158 153 154 155 137 108 153 153 147 143 146 148 147 136 138 143 140 144 144 159 159 156 149 140 142 142 141 142 143 144 146 145 144 143 143 145 144 143 141 143 142 141 142
138 127 124 134 137 146 151 151 150 151 149 151 152 151 149 153 151 153 153 150 149 153 153 155 154 156 155 154 153 153 154 154 151 153 153 155 145 147 155 154 161 156 158 153 153 152 154 153 158 153 153 157 150 153 156 143 110 155 154 148 143 153 145 146 144 146 147 145 152 153 157 161 156 143 146 144 145 144 143 144 146 145 145 144 144 144 144 142 141 141 143 143 142 140
144 153 152 145 136 130 142 150 134 136 138 149 155 154 150 149 150 154 154 153 139 147 146 144 144 151 155 155 153 152 155 157 157 154 148 142 145 150 156 156 156 157 155 159 155 159 159 158 149 153 162 157 155 157 154 150 106 144 154 149 145 150 153 148 147 145 145 145 144 147 156 159 162 158 151 145 143 144 145 149 148 146 146 144 145 144 146 146 144 142 145 146 142 140
158 159 151 157 155 143 134 134 126 127 129 138 152 152 147 151 152 145 137 140 148 150 149 152 150 148 143 150 154 153 154 154 154 153 146 152 154 154 157 160 157 156 157 159 158 159 155 152 160 160 160 154 155 159 156 156 128 148 155 153 147 138 145 146 141 135 144 149 150 150 159 159 161 157 152 145 143 144 147 147 147 147 147 144 145 146 145 144 143 142 145 142 146 143
160 155 152 153 152 148 142 134 143 151 146 134 133 143 154 150 142 142 155 150 150 144 133 137 145 146 153 144 150 153 152 146 141 147 146 155 154 154 156 154 156 159 156 154 153 148 149 155 157 155 157 155 157 155 153 149 145 129 156 156 147 142 144 147 147 145 145 153 151 153 162 157 163 155 155 148 146 145 147 148 149 148 149 147 145 145 146 144 146 151 146 142 142 144
