NDVI-HI Matrices/GreenMatrix6.asc
ncols        129
nrows        129
xllcorner    0.000000000000
yllcorner    -129.000000000000
cellsize     1.000000000000
NODATA_value	-9999
[rows 84 to 125 of 129, columns 0 to 94 of 129]
143 143 139 128 115 131 134 136 137 133 133 128 119 117 114 118 134 131 133 130 131 122 119 131 131 134 137 127 133 135 136 122 118 130 129 134 129 132 138 140 138 138 133 136 132 138 137 134 135 134 136 130 138 131 127 125 122 119 136 136 127 123 130 130 126 125 127 127 135 141 138 137 130 127 123 122 121 123 123 123 121 120 121 120 116 116 118 121 125 125 122 123 119 124 125
136 134 138 138 138 139 136 138 136 137 130 130 138 134 131 123 140 144 142 139 136 130 126 126 129 129 133 132 136 134 133 133 134 136 127 133 137 142 143 141 135 137 137 137 135 139 139 139 137 140 142 146 139 132 127 128 116 110 137 139 133 128 135 120 112 128 136 131 133 136 138 139 131 124 126 125 124 126 121 118 123 119 122 124 119 123 121 129 129 122 124 126 122 125 127
127 124 132 134 130 129 133 133 125 132 135 131 132 136 125 125 140 140 136 127 137 134 136 135 135 133 131 130 133 129 125 132 134 129 122 126 136 138 139 137 139 141 139 136 137 137 138 141 135 138 137 142 141 130 128 125 121 106 135 140 138 117 131 132 131 130 134 131 130 139 142 135 131 125 124 125 125 125 127 122 122 122 122 126 126 126 126 128 128 126 126 127 127 128 137
122 126 132 140 137 131 135 128 132 132 138 133 131 136 129 132 113 128 133 139 138 143 142 137 138 138 135 131 127 121 127 126 131 129 128 136 139 138 134 138 141 143 140 139 141 140 138 137 139 139 138 141 137 133 132 129 141 100 131 139 138 133 127 124 126 130 125 126 129 139 143 133 127 127 124 123 126 125 123 122 121 121 126 121 121 128 132 128 125 133 130 127 127 134 137
129 125 129 141 141 126 126 132 135 138 135 133 130 138 129 129 125 126 134 139 133 131 134 141 139 140 141 133 128 128 131 133 136 130 132 139 142 144 144 143 143 139 134 138 139 137 137 134 142 144 142 141 135 131 133 141 144 120 140 140 137 133 127 131 129 126 122 125 133 137 138 142 130 126 126 125 124 127 126 126 127 120 125 124 127 132 132 126 130 129 130 132 132 136 137
139 140 144 144 145 134 119 127 135 133 128 119 137 139 144 138 132 132 139 138 137 134 134 137 131 138 141 127 121 137 142 142 140 144 139 139 142 146 148 148 144 141 142 140 141 139 142 147 146 145 143 135 130 134 135 136 141 143 104 138 138 136 131 132 131 130 124 129 128 136 141 137 128 126 127 124 126 126 126 127 124 125 126 131 134 125 128 124 127 133 135 137 137 138 142
143 145 144 141 144 142 132 127 135 135 122 140 141 138 145 148 147 148 145 145 147 137 132 134 138 142 141 127 135 141 145 145 143 142 142 141 142 139 137 137 139 141 142 142 142 141 145 144 144 147 143 141 142 143 148 143 141 144 109 138 137 132 127 122 131 129 131 129 129 132 141 141 128 126 126 126 124 128 131 132 126 131 137 138 129 128 126 130 130 140 139 141 138 137 136
148 151 154 147 142 146 140 127 128 126 138 145 137 139 147 145 149 145 146 147 144 135 137 141 142 138 139 140 136 140 144 147 144 140 139 142 142 136 134 135 137 134 143 145 141 142 142 137 144 149 135 144 134 136 143 142 151 142 113 140 138 135 127 135 137 138 133 132 129 132 139 136 129 129 127 126 128 129 132 131 132 136 141 130 135 127 130 134 139 141 142 142 141 138 135
141 143 144 149 146 147 147 147 145 144 144 141 143 143 151 148 148 146 147 143 139 143 136 139 141 137 139 145 145 145 146 148 146 139 143 144 140 140 136 137 135 134 141 139 144 147 142 140 146 149 135 147 135 137 149 151 147 146 114 144 136 133 131 136 138 138 143 135 124 128 137 132 129 125 130 133 132 126 128 132 134 146 140 131 132 133 135 142 139 144 142 139 140 142 136
144 145 143 147 147 147 146 150 147 141 145 141 143 148 147 143 146 146 145 145 143 142 137 141 140 144 142 151 149 145 149 149 146 142 149 149 144 135 135 134 136 135 136 135 144 140 142 142 151 143 136 147 140 143 148 152 150 136 124 147 142 135 137 133 130 127 137 146 141 132 133 130 126 126 130 130 133 129 130 134 138 139 136 138 137 135 144 147 144 140 143 139 134 131 134
150 153 150 148 153 153 154 149 148 147 148 147 147 147 148 149 148 146 147 146 149 148 148 147 146 152 152 150 148 145 149 149 146 153 152 147 142 140 138 136 136 136 135 137 147 138 137 140 146 145 141 148 150 147 155 155 155 147 100 144 143 134 125 133 132 134 133 136 134 140 139 128 127 128 129 133 132 136 132 128 141 139 132 139 140 146 148 141 142 138 144 144 142 137 131
145 151 148 149 149 149 149 149 150 149 149 150 150 150 152 154 152 150 154 151 146 149 151 151 151 146 153 151 148 144 149 149 145 155 152 149 140 140 141 138 137 139 135 137 148 142 139 137 142 152 143 144 153 147 151 156 156 158 101 124 140 137 130 125 121 133 134 136 133 135 141 128 128 131 137 138 131 130 129 140 139 139 139 137 143 153 153 139 133 144 143 142 146 139 132
150 150 149 144 147 149 148 148 144 145 149 148 151 153 153 154 155 154 151 154 150 151 154 154 152 147 152 154 152 150 153 151 145 146 154 154 154 153 155 146 143 139 145 149 148 142 138 145 144 153 147 150 158 153 156 159 157 120 139 129 110 129 134 135 131 130 131 136 133 131 136 136 133 133 131 133 126 131 135 143 139 140 148 141 148 154 152 153 151 145 147 148 146 138 134
151 151 149 146 146 147 149 145 148 147 152 152 154 156 153 154 155 156 151 154 154 155 156 154 155 156 157 154 156 159 157 154 145 145 154 157 155 155 157 155 152 155 154 149 151 141 151 149 148 155 152 148 150 155 154 161 158 119 122 142 138 139 127 129 133 131 139 139 136 134 134 131 135 134 128 133 131 132 137 146 142 143 145 147 149 151 156 154 150 148 148 144 140 138 139
155 154 154 153 153 147 144 149 150 153 155 155 156 156 154 160 157 155 157 157 159 159 159 159 157 158 160 157 155 149 154 159 152 155 153 156 153 155 149 156 157 157 158 154 150 145 156 159 153 149 154 149 154 160 156 160 153 104 139 144 141 143 145 138 126 132 135 140 136 133 134 134 131 133 134 137 139 139 140 145 145 147 146 152 148 151 154 153 151 148 150 145 144 138 140
156 157 153 156 155 151 151 152 153 150 151 156 155 155 154 156 156 155 158 160 162 163 165 161 163 160 156 150 149 148 150 154 160 159 158 159 155 156 156 153 159 156 158 156 158 154 153 158 153 151 155 157 154 149 149 160 130 140 139 147 142 148 150 142 130 131 138 139 136 136 139 140 134 136 139 138 140 142 143 146 144 148 148 152 151 151 156 156 152 148 148 146 145 146 146
159 159 159 157 155 156 155 155 155 156 156 156 158 157 157 156 155 155 154 158 164 165 165 159 160 156 155 154 151 152 149 153 152 152 153 155 157 158 157 156 158 160 160 160 159 157 161 162 157 159 156 143 129 130 156 144 143 151 144 154 150 148 147 143 137 132 140 141 137 136 140 139 137 131 142 141 140 142 145 148 149 147 149 152 154 155 157 158 148 143 147 149 148 148 150
158 166 165 160 156 157 158 158 156 157 156 157 161 161 159 158 155 157 157 162 161 164 162 160 160 156 156 156 152 153 152 152 153 151 154 155 157 157 160 161 158 160 164 165 167 162 164 166 163 168 153 149 149 148 150 150 143 142 147 146 150 147 147 144 144 137 140 140 139 141 140 140 140 133 139 145 143 145 144 148 147 148 152 155 151 152 155 156 146 150 148 144 146 147 147
158 158 165 165 157 155 159 161 158 157 160 164 163 161 159 161 161 158 160 163 162 164 159 161 157 153 153 155 155 154 152 156 154 153 157 156 160 161 159 162 160 163 163 166 168 159 150 118 130 129 124 147 152 150 149 146 153 155 150 148 152 147 149 148 146 144 125 143 142 138 140 139 141 134 142 145 145 150 149 148 152 148 151 154 154 154 155 155 152 150 149 150 149 150 151
156 159 159 163 161 161 160 161 163 164 165 164 158 160 161 162 160 160 163 162 160 157 156 163 161 153 157 155 155 152 158 154 154 156 156 156 158 160 161 165 164 163 162 153 154 138 124 146 154 153 157 159 158 156 154 152 153 151 151 152 152 149 148 148 149 148 129 142 145 144 138 138 143 140 143 144 149 150 149 150 153 154 152 153 155 155 156 153 150 154 150 152 154 152 153
155 167 165 164 168 165 166 165 166 166 166 170 163 158 161 167 161 162 164 162 159 157 155 159 154 151 153 156 156 155 155 159 164 158 153 153 154 157 156 158 158 159 153 138 117 108 155 157 159 155 155 151 148 150 152 151 150 151 154 150 157 154 155 152 150 149 136 143 148 144 143 144 143 141 145 151 149 149 149 149 152 153 149 153 157 151 156 155 155 150 152 154 154 154 159
157 169 166 166 172 172 170 166 171 164 165 168 165 158 163 165 170 159 166 160 156 156 151 153 153 155 155 153 155 154 153 154 156 154 151 155 150 155 153 151 149 149 120 118 159 156 159 158 155 152 149 151 151 151 153 153 153 154 155 159 157 156 157 156 152 151 143 136 148 144 146 143 144 148 135 149 150 148 151 150 154 156 152 152 152 152 154 156 155 154 152 155 153 156 161
153 163 170 165 169 170 173 172 171 165 168 172 166 164 165 166 166 164 166 166 157 150 154 154 155 155 155 155 154 149 151 157 155 154 153 155 154 153 161 161 111 145 159 160 155 152 151 154 151 151 152 154 152 153 154 153 153 152 157 142 157 155 156 152 151 149 140 130 148 151 144 144 142 147 139 148 150 152 151 153 152 152 149 151 153 152 156 156 159 154 153 152 155 154 157
155 161 165 160 155 153 159 168 166 170 166 165 165 162 164 169 170 164 165 166 159 153 153 153 155 156 152 151 151 154 153 157 155 153 154 161 159 156 157 136 139 164 161 161 157 155 150 152 154 156 157 154 155 153 154 154 154 155 157 159 156 153 156 152 149 148 134 139 146 143 149 146 147 148 143 143 150 152 151 152 153 151 154 154 154 153 155 156 155 158 156 152 152 154 160
154 155 157 159 158 158 157 159 157 162 167 166 166 163 163 166 168 171 170 165 157 158 157 157 156 155 155 152 150 151 151 150 155 153 157 148 139 138 120 115 161 162 160 157 152 151 154 157 155 159 157 156 157 158 157 158 157 154 158 154 162 158 152 150 146 145 146 139 142 151 150 149 146 147 148 138 152 150 150 153 152 154 153 154 152 154 156 156 156 157 157 157 152 154 157
155 157 157 159 158 156 158 164 168 163 160 163 165 157 167 165 164 164 165 161 158 157 156 155 154 155 149 152 153 151 154 161 150 131 111 135 160 167 161 161 168 155 152 150 149 154 157 154 154 149 153 151 151 152 151 149 153 157 161 155 155 158 155 152 149 151 146 137 143 148 150 151 149 146 148 139 144 149 150 150 152 152 150 156 155 154 155 155 155 155 161 159 156 153 157
158 160 166 170 167 158 162 162 165 165 166 159 161 162 163 163 167 165 164 163 161 156 158 153 153 157 155 157 158 158 158 149 115 135 153 162 162 163 160 160 163 154 148 143 154 157 155 153 151 152 155 158 153 154 152 152 153 158 162 152 155 154 154 148 149 152 153 141 146 146 146 146 148 148 144 146 140 149 149 153 151 149 151 155 158 156 155 151 155 156 157 159 157 157 158
161 164 167 165 166 167 164 161 161 166 164 167 169 166 160 156 159 156 154 155 157 161 160 157 162 161 155 153 150 158 138 152 154 157 158 156 158 159 154 161 161 155 152 159 155 154 157 157 154 160 162 160 154 151 156 156 164 153 153 157 161 155 153 150 149 151 146 146 149 140 149 147 150 151 145 149 143 142 146 147 151 151 156 156 153 154 159 158 153 157 156 159 160 159 158
164 162 167 169 170 167 167 159 164 160 165 164 166 166 164 166 160 156 157 157 156 155 158 159 158 159 159 158 124 117 137 161 154 152 155 155 157 154 155 157 158 154 155 158 156 156 156 158 159 156 153 149 152 154 155 158 167 161 159 162 166 158 159 161 161 153 139 149 154 146 149 149 148 148 148 150 145 135 149 147 148 156 155 159 154 155 159 157 154 156 157 157 160 161 163
164 162 164 171 173 169 164 165 167 159 165 158 158 160 162 162 161 157 158 161 161 155 157 159 160 161 158 127 143 160 163 150 154 156 157 157 157 154 158 156 154 155 152 155 156 154 157 157 160 158 156 160 156 158 160 147 155 156 163 161 171 164 164 172 168 150 139 151 154 153 144 151 149 147 148 150 146 139 146 146 148 155 157 157 158 152 155 158 154 153 152 158 157 159 157
162 167 167 163 163 157 160 162 165 162 162 158 157 158 160 157 157 155 157 157 163 161 160 159 161 167 144 165 166 166 160 156 158 160 157 155 153 156 151 155 156 153 149 151 154 158 156 156 162 161 165 157 170 163 155 160 162 159 158 161 166 167 168 162 161 156 141 152 151 151 145 152 151 146 150 147 146 150 145 147 146 152 156 156 158 152 152 155 156 151 151 142 157 156 160
159 160 156 157 155 155 155 156 160 154 156 154 156 153 157 158 163 167 165 157 159 161 158 159 127 145 163 167 163 167 167 156 167 166 165 155 154 157 151 149 154 155 151 153 154 159 154 159 158 163 166 158 158 162 158 166 166 155 158 153 161 164 163 158 158 153 141 152 152 154 150 147 149 152 150 149 149 145 152 136 144 148 151 153 159 160 158 153 147 150 149 162 155 159 161
160 159 158 158 156 158 159 160 159 153 155 153 157 154 158 164 164 162 160 163 152 129 113 119 164 165 160 164 157 165 161 159 156 156 154 155 149 151 156 153 154 150 151 150 149 150 162 161 161 160 151 155 165 161 157 168 159 156 158 158 155 154 156 155 155 150 141 154 152 152 147 146 149 148 151 147 147 149 149 148 145 149 151 157 160 159 156 151 162 154 155 163 157 154 161
150 152 156 159 154 144 156 156 158 154 154 153 157 152 159 159 160 154 143 130 118 141 153 162 168 161 162 165 162 158 160 160 154 163 159 152 153 149 149 145 148 150 156 154 159 162 162 159 157 155 153 162 167 165 163 159 153 160 165 160 154 156 153 159 154 144 154 154 151 149 148 148 154 149 149 149 150 150 151 146 138 151 152 152 159 157 155 157 154 159 153 156 159 157 155
146 151 153 147 153 157 133 139 154 158 159 155 160 156 161 165 152 126 141 162 163 160 158 161 163 159 160 165 163 160 159 161 158 164 158 154 150 147 147 148 157 152 156 156 156 160 158 162 161 160 162 147 163 161 162 161 162 153 157 158 152 151 152 164 154 148 154 152 150 147 146 151 149 150 145 148 150 151 149 145 145 151 158 154 159 158 156 155 156 156 155 155 156 155 156
154 157 152 158 159 156 158 160 144 150 158 163 159 168 154 133 151 158 153 158 158 158 154 157 158 157 159 163 161 154 156 160 161 160 166 157 151 145 146 156 159 159 160 161 164 166 163 162 165 157 152 141 146 160 171 166 164 155 154 155 151 151 154 161 154 147 156 154 154 150 146 155 153 147 149 150 151 152 149 148 150 150 152 153 156 157 158 154 153 152 155 154 160 151 153
157 155 158 160 159 162 160 156 154 143 159 163 167 152 130 160 160 155 159 160 155 154 163 158 157 159 160 165 159 154 154 158 163 162 160 159 156 156 151 155 152 161 160 159 168 165 167 163 159 158 150 145 147 168 172 173 159 153 150 149 151 151 160 157 148 146 155 153 160 162 147 152 150 148 150 152 154 154 148 148 149 149 150 155 156 158 162 154 155 152 153 66 151 152 153
154 162 162 158 163 161 157 157 161 157 146 161 162 156 152 163 155 160 163 164 165 160 158 158 158 162 158 164 164 166 164 167 163 162 158 162 154 150 156 156 158 156 162 169 162 169 166 161 165 162 153 157 157 153 155 164 159 156 151 154 151 157 158 152 133 148 150 158 157 154 152 146 158 159 157 155 155 150 148 150 150 150 152 152 155 158 158 154 153 149 149 143 151 152 153
160 163 160 160 163 161 158 164 158 160 161 156 160 162 162 149 157 160 165 162 165 156 162 164 165 160 160 161 161 164 168 167 162 157 157 164 155 152 157 161 159 161 161 163 165 169 164 166 165 162 154 165 167 163 163 161 164 154 155 164 164 160 152 148 135 155 164 159 152 149 152 148 148 156 155 152 145 147 150 149 150 154 154 151 153 157 154 156 150 151 154 162 161 152 152
159 159 162 162 163 156 158 163 165 160 159 165 158 159 157 157 152 154 147 138 139 149 157 159 160 154 153 158 158 162 164 167 162 154 153 159 163 159 155 160 156 159 161 161 160 160 161 158 159 158 157 160 166 167 166 165 162 154 165 160 156 155 157 148 109 155 164 158 159 152 153 148 148 153 152 152 149 148 148 151 154 155 154 155 155 159 156 155 152 151 153 156 165 151 153
156 158 159 153 155 160 163 163 163 161 161 154 155 160 155 161 156 166 158 159 158 148 157 153 161 155 157 152 156 158 151 161 157 159 149 156 157 157 153 157 164 166 159 163 162 161 162 161 153 161 165 161 165 162 163 161 153 155 163 166 165 160 156 149 117 148 157 159 157 156 148 148 158 151 152 153 151 152 156 154 156 157 155 155 158 157 159 155 153 151 152 157 163 157 156
159 160 164 162 159 162 161 162 165 162 160 154 154 155 155 158 163 155 158 153 153 155 148 157 157 157 158 159 159 162 158 164 163 153 156 159 162 153 160 162 162 161 152 157 157 159 167 160 159 157 159 154 168 171 166 159 152 157 160 160 156 152 150 148 130 144 156 157 145 151 162 166 163 154 156 155 152 151 150 153 156 156 155 157 156 157 160 158 153 152 154 154 158 159 158
