NDVI-HI Matrices/GreenMatrix10.asc
ncols        129
nrows        129
xllcorner    0.000000000000
yllcorner    -129.000000000000
cellsize     1.000000000000
NODATA_value 0
[rows 42 to 83 of 129, columns 0 to 93 of 129]
107 108 90 107 114 119 121 115 111 117 75 29 33 99 66 10 14 16 10 10 11 14 9 10 10 5 2 1 9 16 46 125 114 99 121 124 126 119 106 114 112 106 94 80 101 93 12 19 16 10 7 6 5 5 0 0 0 0 0 0 0 0 0 0 0 0 0 0 0 0 0 0 0 0 0 0 5 7 7 12 10 13 14 11 10 7 7 13 10 8 16 15 14 12
109 115 112 112 115 117 114 112 113 111 65 30 37 85 74 24 13 10 9 10 12 11 10 10 9 4 1 1 7 14 58 117 123 125 128 123 100 66 21 23 18 19 12 15 21 54 58 70 23 9 7 5 6 5 0 0 0 0 0 0 0 0 0 0 0 0 1 5 1 3 1 1 1 14 13 7 7 7 11 13 15 18 13 14 15 13 14 17 16 17 25 13 9 13
120 118 114 118 109 114 114 112 117 117 103 71 68 79 82 54 39 23 13 15 12 13 15 26 22 8 15 17 13 22 57 107 120 126 117 109 100 74 43 22 17 13 10 15 47 66 102 111 101 85 73 34 25 14 8 2 0 0 0 0 0 0 3 3 1 3 4 3 3 4 6 9 14 15 15 12 11 8 13 16 14 13 11 45 44 21 55 79 68 72 113 95 69 83
124 119 116 117 112 112 110 113 114 117 115 95 89 87 75 65 60 53 30 28 25 17 23 29 28 15 18 26 23 43 65 92 117 120 114 106 103 82 54 27 24 31 13 15 43 90 107 114 111 100 92 73 53 27 15 3 1 4 3 1 2 3 4 4 3 5 14 12 3 12 15 18 23 20 14 11 19 20 13 14 14 11 12 30 26 21 35 56 72 101 110 106 99 98
116 116 119 113 107 113 107 105 108 116 118 106 93 91 93 96 88 83 63 64 60 53 36 26 34 41 46 53 58 60 63 90 107 111 112 105 107 99 67 36 30 44 53 45 65 92 111 113 102 101 101 86 74 34 24 9 8 3 0 3 7 5 8 15 18 29 37 34 42 47 33 38 41 40 19 19 25 27 27 35 59 74 85 82 91 90 106 107 110 118 118 116 114 118
121 112 115 109 103 95 96 94 96 110 114 117 116 113 114 110 101 98 94 90 87 72 51 56 52 66 79 80 70 72 77 86 97 110 113 113 103 103 92 80 63 88 83 89 103 106 119 115 113 110 109 96 86 42 31 7 4 6 6 4 6 13 18 61 70 81 90 85 86 87 78 76 63 57 40 35 38 52 43 54 89 116 117 105 105 109 122 125 122 124 123 117 117 125
101 105 102 105 96 97 95 92 106 109 115 117 118 117 119 118 120 116 117 116 113 103 83 73 87 91 87 84 97 110 109 108 113 118 123 122 112 107 111 124 118 122 121 117 118 116 113 114 111 110 117 101 95 76 49 20 13 7 8 7 7 9 14 61 84 96 106 99 100 117 92 102 98 78 68 52 37 67 107 104 108 122 121 123 119 116 116 125 122 122 120 117 113 115
95 108 103 93 98 101 101 104 112 111 111 113 122 120 123 121 122 125 121 120 122 126 114 104 104 108 105 117 122 127 128 124 124 127 124 119 114 112 116 122 120 123 125 120 116 115 115 114 114 107 110 94 76 79 83 25 17 9 10 12 8 17 27 65 87 89 111 96 90 115 96 100 99 92 80 56 105 116 113 126 123 124 124 124 118 117 115 118 122 121 123 110 122 122
94 100 102 102 101 100 107 110 112 112 111 112 117 122 124 125 122 117 120 124 125 124 118 115 117 114 117 124 127 129 130 125 125 130 125 121 116 106 115 122 123 123 122 121 113 115 124 120 123 122 121 126 120 120 117 111 100 95 54 11 10 40 45 109 109 101 110 94 104 102 104 106 74 78 92 106 119 124 123 123 124 124 125 121 116 114 120 125 128 125 125 117 108 118
101 110 111 107 109 112 117 116 118 114 111 117 111 115 118 121 118 119 119 121 125 124 123 116 119 121 116 119 127 130 130 130 125 126 126 126 125 119 118 120 123 119 121 118 121 123 129 125 126 126 123 121 118 122 120 114 96 100 81 68 16 44 104 117 116 115 110 109 101 93 81 96 95 122 111 122 130 125 124 124 121 125 122 123 112 117 120 119 114 123 123 122 124 125
103 114 121 114 109 115 116 117 117 117 116 114 118 118 123 118 117 117 119 119 118 121 119 115 119 125 119 124 127 126 126 120 122 131 128 123 125 125 123 124 123 116 126 125 125 126 130 128 128 131 128 125 120 120 119 119 115 98 93 92 74 50 117 114 116 117 111 111 123 98 113 89 130 124 117 119 129 128 124 122 123 125 120 114 116 123 118 117 122 120 114 119 124 122
112 90 120 119 120 118 117 126 127 118 126 127 121 116 114 117 118 106 111 121 122 121 118 116 113 122 119 127 127 130 135 129 124 128 123 126 126 125 109 106 126 125 120 127 127 131 123 126 129 124 118 107 117 123 126 118 113 109 110 116 119 112 119 122 129 108 114 111 113 68 108 126 127 128 128 126 120 122 119 119 124 125 120 116 117 122 117 115 108 118 116 122 124 118
121 126 132 127 116 115 118 128 132 136 124 125 125 127 124 120 121 120 122 126 124 125 125 122 119 120 129 126 125 131 128 123 127 119 120 116 131 125 116 113 121 116 121 126 113 128 131 134 130 121 121 123 128 125 124 112 108 115 113 114 123 124 128 113 127 128 120 120 94 85 128 130 119 122 121 122 121 125 122 123 125 117 118 119 119 123 117 124 121 119 122 124 122 117
132 138 129 131 135 120 124 124 136 128 122 128 125 121 125 125 122 125 124 125 122 121 123 122 118 124 123 128 126 116 116 114 123 126 126 128 127 125 123 122 124 123 128 126 122 124 122 117 124 133 132 131 128 124 124 110 113 116 118 117 123 118 123 127 119 125 114 112 94 118 133 121 116 120 127 123 125 122 122 119 119 124 124 115 107 120 123 120 120 121 125 125 124 118
132 139 128 131 130 133 132 124 128 129 128 135 131 131 130 122 124 129 129 116 119 126 125 123 123 108 111 118 98 106 92 110 128 132 132 132 127 128 126 125 127 127 126 127 118 122 126 126 125 125 121 124 129 115 116 114 124 131 130 131 129 102 111 132 112 124 127 106 86 137 127 123 116 116 127 126 128 120 115 120 125 130 129 126 118 116 124 128 125 126 127 128 119 118
126 133 121 119 131 136 132 122 127 137 128 128 129 132 115 117 126 123 126 128 129 125 124 123 116 119 118 120 119 97 102 131 127 130 123 129 128 129 130 126 127 124 129 129 129 128 127 134 137 134 130 131 126 119 127 136 132 128 123 126 131 121 114 133 121 129 124 88 120 118 123 126 121 125 126 125 126 124 124 116 122 126 134 130 130 130 128 129 125 120 126 119 118 122
124 132 117 132 140 136 137 132 133 136 132 133 131 131 129 122 125 126 127 130 128 125 125 128 116 124 116 99 107 100 111 123 129 125 126 133 126 132 133 125 125 125 128 129 128 128 132 127 129 126 127 122 120 129 132 131 124 134 128 131 133 122 120 125 126 134 131 107 127 118 122 121 121 124 128 131 121 127 124 118 125 131 138 127 121 125 130 132 127 125 130 125 125 116
131 140 137 126 125 136 134 123 123 135 122 130 134 126 129 122 124 126 135 132 128 128 128 129 121 89 58 78 117 122 121 122 128 126 129 126 124 119 124 104 121 124 126 127 134 132 127 126 129 125 123 122 132 138 128 128 128 135 138 136 134 133 127 132 129 114 106 95 117 114 124 131 125 124 129 129 128 126 127 127 128 127 125 132 130 134 134 134 132 130 131 119 122 122
125 139 144 133 133 129 125 105 132 138 126 120 124 119 128 136 140 135 128 125 110 118 128 117 82 76 52 78 101 119 120 125 129 129 131 132 130 115 116 104 125 121 136 136 139 137 122 126 122 121 130 131 131 129 137 136 134 139 135 133 131 111 110 128 130 133 117 104 133 126 128 131 130 130 127 128 126 124 120 130 134 126 132 133 137 138 135 135 134 137 127 127 118 126
126 139 140 139 140 137 134 123 107 124 132 119 139 136 137 135 126 110 95 107 127 129 124 118 112 112 85 107 125 124 128 124 116 120 121 130 132 125 126 129 127 129 128 129 138 134 129 128 126 131 132 134 129 132 132 131 135 134 132 140 130 123 115 132 134 135 98 126 138 129 118 128 131 130 127 129 129 125 131 132 135 131 135 133 137 134 135 133 138 131 130 125 129 128
131 129 124 135 140 139 133 128 129 137 124 142 143 138 138 136 127 124 110 70 121 129 131 126 118 128 128 129 128 129 128 121 122 129 132 131 132 130 127 124 125 127 136 131 138 135 129 128 136 137 136 128 133 138 143 140 140 138 138 138 127 123 124 135 136 130 112 136 132 125 134 131 132 130 127 128 127 128 133 129 130 132 137 133 132 133 134 133 140 131 131 125 128 129
113 121 129 136 139 131 129 126 114 133 138 138 129 121 131 131 131 130 132 127 132 132 132 132 133 127 125 105 100 124 123 124 126 129 132 133 131 124 134 133 117 132 133 135 133 128 130 137 140 134 131 136 144 140 144 140 143 138 137 142 127 121 123 123 110 110 129 132 129 125 132 136 134 136 129 128 127 127 127 128 129 136 135 129 131 136 134 133 131 130 131 128 126 129
128 116 134 139 139 138 133 124 75 101 136 138 134 113 121 129 133 131 139 129 134 132 134 138 127 132 133 135 126 128 122 131 126 128 132 136 134 138 134 132 130 135 130 128 124 127 136 139 135 135 135 139 138 140 141 140 138 127 137 140 132 132 132 123 107 126 147 141 131 131 134 136 136 134 131 127 129 129 131 128 136 137 138 126 132 134 133 134 130 133 131 124 125 129
125 121 135 138 138 130 139 133 124 110 121 123 127 133 132 127 135 134 129 123 116 119 137 139 128 135 136 131 129 131 128 124 128 131 132 127 133 131 135 138 137 134 124 120 131 136 136 136 120 125 140 140 139 141 141 143 135 137 141 140 135 142 145 137 141 118 144 138 129 131 132 132 130 131 134 135 130 128 131 135 138 137 131 131 129 135 135 135 133 131 134 128 124 121
111 128 138 139 142 134 138 132 137 138 142 124 122 125 126 140 144 146 139 138 140 142 142 140 133 137 126 119 118 101 125 125 127 133 134 132 127 127 133 133 129 124 129 134 141 139 125 130 130 131 140 139 145 142 141 134 121 119 136 151 149 141 136 116 104 139 125 127 134 136 135 129 128 129 136 135 133 135 133 135 135 135 139 142 137 132 134 135 130 131 129 125 124 125
112 123 131 138 142 132 133 134 135 104 116 136 136 137 130 138 143 142 138 135 135 140 136 140 145 130 128 140 142 138 132 126 128 133 137 136 126 124 129 124 123 126 135 135 144 146 123 122 127 126 137 146 143 141 137 133 144 137 129 147 155 152 153 127 132 128 120 121 136 134 134 131 134 134 134 137 135 138 133 129 133 137 138 139 137 136 134 135 129 134 128 127 125 116
124 127 135 140 142 136 138 137 140 136 137 137 127 128 140 139 147 142 142 139 124 95 122 145 144 135 139 137 135 133 124 119 139 135 135 131 130 128 132 128 126 132 128 134 141 147 142 142 142 140 137 145 145 141 140 147 152 144 123 120 133 149 127 132 124 127 125 121 132 130 139 131 131 131 131 133 133 138 136 133 138 138 137 137 135 133 133 132 138 131 126 126 123 113
115 114 129 141 139 131 137 142 136 137 132 128 138 137 140 143 141 143 143 146 112 98 133 141 139 134 138 143 135 124 131 129 142 137 132 127 114 121 127 129 125 124 136 140 141 145 134 136 132 135 143 142 141 143 147 119 148 146 151 133 145 136 131 127 122 130 123 127 129 133 135 133 135 132 132 130 134 131 134 138 136 137 137 141 141 136 131 138 137 133 131 128 123 121
114 118 136 146 145 142 136 139 148 139 131 135 136 145 145 142 137 137 131 131 141 146 140 135 138 124 133 138 134 124 145 143 136 124 116 134 127 130 129 132 128 124 129 132 135 137 141 138 131 138 145 136 139 142 138 137 148 144 150 145 131 130 130 123 133 128 101 123 132 129 133 132 129 133 132 129 132 137 139 137 138 134 134 142 140 138 138 135 137 136 134 138 138 123
126 115 136 148 148 142 145 145 144 145 139 143 141 141 133 142 143 135 123 134 141 137 137 140 145 135 140 127 133 143 139 137 131 139 137 138 132 128 129 126 122 137 134 134 132 137 125 105 136 144 146 141 143 138 125 118 152 147 150 145 125 122 131 129 129 128 118 121 129 129 135 133 137 133 134 132 132 139 139 139 140 139 138 141 138 142 139 138 139 138 138 136 133 132
120 128 127 138 140 139 142 139 139 139 146 137 140 143 148 145 143 138 142 143 146 152 148 148 149 148 146 145 150 141 128 138 141 144 145 140 129 130 123 117 126 146 141 146 146 141 142 144 144 145 142 144 144 138 134 125 148 144 138 130 127 127 130 139 139 135 132 130 131 137 135 132 136 129 136 137 138 135 138 139 142 140 139 143 142 142 143 137 138 140 140 131 132 136
120 131 136 145 139 142 141 131 137 140 142 140 129 138 144 145 148 141 124 135 147 147 147 148 146 140 134 143 150 148 136 129 140 144 143 141 130 130 119 134 145 147 140 145 143 140 132 143 147 148 145 146 139 137 136 133 143 148 137 128 119 134 136 139 136 132 132 131 137 131 137 138 135 136 134 132 133 136 142 140 141 141 141 142 141 142 141 141 138 141 140 127 134 135
126 128 130 139 142 142 137 132 136 131 92 129 145 144 144 143 147 148 143 148 140 135 118 148 146 135 136 147 146 138 137 141 150 145 144 132 135 131 138 141 139 145 145 148 153 153 153 148 147 146 149 146 137 140 141 105 129 143 140 133 133 137 132 134 132 136 133 136 136 141 145 143 137 134 137 140 138 138 140 141 142 140 141 142 141 142 141 141 141 141 140 135 133 137
122 132 136 135 148 135 130 135 138 142 135 137 143 148 147 140 135 145 141 149 149 144 147 148 147 150 147 147 148 145 134 149 147 128 132 134 140 134 146 145 142 149 145 148 152 154 151 151 147 136 148 148 134 145 150 113 100 141 142 137 128 105 121 136 131 129 131 133 138 136 145 141 136 139 138 139 137 136 137 136 141 138 139 142 140 141 140 139 140 141 141 137 132 131
117 133 145 144 145 140 140 143 144 138 143 135 135 143 137 141 145 139 149 148 148 150 147 140 143 151 148 144 149 147 148 141 148 143 148 148 149 136 140 144 147 150 146 147 153 154 154 155 152 150 157 143 136 147 148 125 104 138 138 129 134 136 129 136 133 138 140 139 138 136 141 144 148 144 140 136 135 137 137 140 142 143 141 144 141 139 140 141 140 139 138 133 141 140
121 138 141 142 143 150 136 143 138 131 140 145 140 145 147 146 149 150 148 151 152 149 147 146 146 148 141 148 150 146 143 141 148 151 151 152 153 141 143 150 145 144 147 152 144 131 148 152 151 153 155 137 148 150 154 137 105 144 138 128 134 137 130 132 138 138 142 139 138 140 136 141 143 142 137 136 134 138 141 140 140 141 141 144 141 142 140 140 139 138 139 139 139 139
124 134 143 148 146 148 149 147 147 147 148 145 138 131 149 147 146 136 141 145 142 148 142 143 150 148 143 148 149 141 140 140 142 148 148 151 144 132 150 145 136 146 147 152 155 150 148 148 152 151 142 148 148 147 151 142 111 144 144 133 133 143 143 133 131 126 122 134 141 140 144 140 142 139 138 137 136 137 140 140 140 145 143 140 141 136 138 141 143 143 140 138 136 138
128 134 141 131 136 145 148 153 151 150 142 141 149 142 145 146 144 144 141 149 145 141 149 151 152 153 151 151 152 150 149 142 145 149 149 151 149 139 152 152 150 149 151 152 149 152 153 150 153 147 141 155 148 151 152 134 104 144 146 142 141 144 146 127 127 128 138 136 141 139 146 147 143 142 135 132 136 136 139 141 139 142 141 143 142 142 143 146 145 142 140 136 138 138
135 121 113 124 129 138 137 142 143 135 140 140 143 145 147 145 150 149 148 141 145 147 150 151 152 153 152 151 150 148 148 149 144 150 146 152 139 142 151 150 151 147 153 147 147 147 147 151 155 149 148 150 146 151 153 141 107 144 147 142 137 150 140 137 141 140 142 142 146 148 147 149 146 142 140 136 137 131 138 136 143 140 144 142 141 145 144 141 140 140 140 143 140 137
142 144 146 144 131 118 133 138 120 127 132 139 145 146 142 144 146 148 147 146 130 139 139 138 138 146 150 150 147 147 149 151 151 146 139 133 138 143 150 146 148 150 151 153 150 155 149 153 143 148 151 153 150 151 152 145 104 138 149 142 131 142 146 141 141 138 141 141 141 145 151 150 149 143 140 141 139 135 141 143 144 142 138 142 140 145 145 144 144 141 140 142 139 137
151 154 144 156 147 136 122 122 117 119 124 129 142 146 139 146 146 137 130 132 141 142 142 146 144 140 136 142 146 147 145 147 145 142 137 140 142 142 150 152 153 151 149 151 155 158 148 147 158 158 159 151 150 156 154 152 123 139 151 149 139 131 140 135 131 129 141 146 146 144 151 144 150 146 138 134 136 135 140 142 144 142 144 142 143 144 142 143 143 138 140 142 141 138
154 151 148 147 143 140 133 122 132 140 136 126 124 132 146 144 132 133 145 145 142 135 124 125 137 139 145 133 141 146 145 136 133 135 139 144 142 139 144 145 153 152 153 148 148 139 141 146 155 155 154 151 156 150 151 149 145 126 149 149 142 135 133 141 137 140 142 146 145 149 152 143 144 142 145 141 136 138 142 145 143 143 146 141 142 142 145 142 143 146 142 140 139 139
