NDVI-HI Matrices/GreenMatrix5.asc
ncols        129
nrows        129
xllcorner    0.000000000000
yllcorner    -129.000000000000
cellsize     1.000000000000
NODATA_value	-9999
[rows 50 to 99 of 129, columns 0 to 95 of 129]
65 60 60 51 42 46 49 58 50 59 70 65 65 58 59 58 55 58 70 75 73 75 69 65 69 65 65 67 68 71 75 72 68 82 74 57 46 28 53 72 75 60 75 62 55 64 51 65 69 60 61 79 78 69 69 68 53 48 20 11 8 30 30 58 52 51 55 35 33 39 52 51 27 27 45 58 63 84 82 75 83 83 81 78 74 73 79 76 80 59 68 67 27 70 62 39
58 65 68 52 53 69 62 66 74 76 73 75 64 60 52 65 76 78 79 84 75 78 77 76 77 73 64 68 84 84 82 86 79 69 85 83 72 57 57 57 73 69 71 67 75 81 84 87 75 81 78 71 68 81 82 63 26 55 40 34 7 27 49 62 65 61 57 46 40 41 33 41 44 67 45 82 86 74 76 87 75 74 80 80 62 78 70 72 65 70 67 48 77 75 64 43
50 72 83 51 56 81 57 73 80 86 85 74 81 81 79 71 80 74 75 77 46 66 78 79 82 86 77 84 72 72 53 61 42 87 82 60 59 83 61 57 61 32 81 83 78 85 86 86 88 81 88 71 54 87 73 80 59 35 46 41 28 11 63 59 63 58 58 42 49 45 58 34 79 75 68 75 85 81 82 84 80 85 57 61 78 81 74 66 76 74 56 44 75 74 70 74
40 27 78 93 93 92 90 91 83 49 87 91 80 69 78 69 73 51 53 87 72 84 68 62 37 81 78 89 95 92 91 78 78 72 71 87 91 83 19 19 84 76 68 78 79 82 45 54 76 82 51 27 48 73 83 71 60 47 50 57 69 65 53 60 58 47 42 37 34 27 41 72 84 75 87 85 82 63 64 83 85 85 74 61 72 78 72 60 45 68 54 74 78 72 52 52
101 100 103 83 96 89 70 93 98 101 99 100 89 93 90 79 77 79 75 92 90 92 64 86 83 81 88 91 91 90 78 66 76 60 60 43 79 72 30 49 79 56 75 79 21 73 71 89 85 48 73 81 86 58 69 68 40 62 59 50 73 88 83 60 51 50 63 69 33 33 63 78 69 56 84 82 78 78 85 78 87 77 75 70 76 81 42 81 66 69 77 59 70 56 49 72
93 103 100 105 98 88 71 81 101 104 98 99 99 86 85 84 70 76 75 87 69 67 78 88 84 88 80 92 91 70 61 58 64 47 69 76 61 75 70 67 77 64 86 85 62 52 48 39 37 87 91 71 78 56 57 54 69 70 72 82 78 53 77 79 63 61 27 35 47 62 82 82 75 31 81 86 78 88 78 66 75 79 84 50 36 72 79 53 41 82 79 72 57 67 53 57
100 95 95 80 96 82 79 93 101 101 102 100 97 98 97 75 87 92 88 40 62 77 90 89 81 58 60 71 38 35 34 49 79 80 78 86 90 87 74 67 73 88 93 88 57 62 63 70 47 63 44 62 77 65 77 49 52 74 88 88 92 32 43 78 62 56 44 47 42 68 82 86 80 66 83 88 89 88 66 80 86 85 85 82 59 74 80 83 55 78 78 69 47 54 75 52
86 83 58 72 86 97 94 56 97 100 81 90 96 93 31 43 83 87 77 79 88 89 79 89 75 70 72 76 76 29 46 86 80 71 77 63 86 77 89 86 89 82 64 79 76 80 59 92 95 86 81 86 77 73 87 100 100 86 50 89 93 42 45 85 70 46 57 49 36 61 72 79 84 82 88 85 75 87 77 85 60 68 89 82 83 86 80 87 82 70 75 35 42 70 63 64
92 95 56 91 102 97 99 84 85 100 87 89 97 93 89 67 79 92 94 93 91 85 77 94 72 68 53 44 31 49 45 68 81 60 73 81 71 81 83 77 80 58 56 87 85 89 70 78 84 81 68 72 60 77 93 93 89 97 89 89 95 60 77 67 76 70 40 49 46 52 66 63 73 76 88 90 75 89 90 85 86 76 91 89 84 88 91 90 81 80 82 69 74 63 60 71
86 95 94 84 69 100 98 48 54 91 56 89 77 54 101 78 39 74 96 93 92 81 95 95 74 48 37 46 78 68 65 69 66 87 75 59 35 64 70 42 75 85 87 93 80 93 90 73 86 75 76 83 100 91 74 79 95 93 94 96 100 93 96 99 90 71 63 57 54 36 87 90 90 60 91 92 92 89 89 90 81 78 84 89 85 92 92 94 92 82 81 71 77 75 75 71
102 99 99 77 90 80 81 35 80 90 63 50 56 57 65 102 95 98 75 66 54 69 94 57 26 39 31 52 51 69 55 57 80 84 81 82 59 47 53 41 74 73 91 103 103 102 46 56 87 85 89 94 98 73 101 103 101 93 102 83 90 40 31 95 98 84 67 58 65 66 54 83 95 93 92 94 93 88 82 92 96 87 85 91 94 95 93 95 94 92 85 70 53 81 74 70
85 97 97 91 99 82 75 75 44 83 80 48 99 99 103 104 69 37 33 49 91 92 78 68 49 52 52 74 77 89 91 86 41 62 33 78 63 69 71 74 85 76 63 85 101 94 58 87 90 98 98 100 101 104 100 98 103 101 101 100 64 73 43 99 98 86 52 73 61 75 46 82 96 96 99 93 95 91 94 93 93 96 96 98 95 94 96 95 94 93 88 84 87 57 46 67
95 96 90 85 89 86 82 71 84 95 78 100 107 103 97 89 90 78 59 20 70 79 97 70 56 80 85 83 94 88 94 71 73 84 87 89 86 78 75 86 26 51 95 46 99 97 88 84 98 102 91 74 104 106 106 104 105 101 98 93 84 78 92 95 99 83 64 64 77 77 92 94 88 98 97 95 96 98 97 97 92 96 100 97 94 94 94 95 96 94 76 84 88 79 70 78
77 81 89 96 90 85 69 63 30 87 93 89 71 40 85 79 78 75 94 87 83 83 77 96 99 86 85 50 43 91 88 95 96 90 100 92 86 83 79 81 25 60 59 79 86 77 88 102 102 82 79 78 100 106 106 106 88 102 98 95 64 53 67 50 32 56 69 77 80 91 98 99 98 100 95 97 95 93 95 97 95 98 98 93 96 97 96 97 98 97 94 89 86 88 72 74
83 79 92 94 100 100 80 77 17 33 82 99 73 39 62 77 84 78 89 75 87 91 97 92 67 84 102 102 89 96 93 101 74 72 51 84 89 95 69 66 57 64 55 93 88 88 97 101 98 98 96 87 99 108 108 108 96 55 56 90 70 104 84 48 47 70 85 86 95 97 94 94 99 99 96 98 98 98 98 98 102 92 98 59 95 97 97 96 96 98 96 83 87 90 76 83
83 90 97 105 101 101 102 95 53 41 41 72 74 71 77 57 78 91 70 67 52 64 91 92 69 86 104 99 92 80 66 87 94 86 86 87 84 78 94 86 93 82 83 83 92 94 91 98 49 66 80 105 77 97 103 98 98 87 93 98 97 105 84 85 80 66 78 79 91 96 98 94 95 97 97 97 93 98 101 101 101 89 93 83 91 96 96 98 97 98 96 91 89 80 84 84
79 95 101 107 108 81 96 98 97 94 102 74 62 66 64 94 95 99 97 86 95 105 104 101 71 92 56 64 56 40 80 87 86 86 98 79 55 79 94 56 86 89 91 98 104 100 49 54 86 66 85 81 98 106 89 91 77 70 98 92 91 98 83 74 59 95 91 82 82 98 99 91 94 98 101 97 95 100 95 100 100 93 91 97 87 93 96 94 97 99 97 93 88 82 88 80
77 88 90 97 103 67 90 99 99 63 63 100 84 100 67 81 93 94 81 72 84 94 88 90 95 87 85 96 100 94 97 88 74 102 96 92 70 80 80 45 85 89 102 100 107 108 36 40 74 48 93 105 87 89 86 80 80 70 73 80 93 86 86 71 84 85 64 68 89 91 98 80 93 97 99 99 92 98 92 99 98 96 91 97 97 90 96 93 99 99 98 95 88 84 86 89
72 92 96 99 106 79 100 102 103 90 94 90 76 80 92 90 96 94 92 79 66 28 45 95 96 71 84 72 83 74 49 58 94 67 87 70 68 59 89 66 91 99 55 84 99 106 96 102 105 103 103 101 103 104 100 86 83 84 71 59 77 88 84 49 88 94 87 80 74 87 98 98 98 99 101 101 95 95 98 97 94 98 98 87 76 75 72 99 101 85 97 94 89 80 73 76
77 84 93 98 88 59 104 104 95 94 94 84 90 95 89 101 99 98 104 102 32 26 67 100 93 82 97 102 61 70 77 61 99 85 92 47 33 47 76 93 78 83 92 91 96 108 76 90 81 71 104 84 98 108 105 66 77 79 78 72 97 73 87 57 79 88 90 81 85 99 96 96 94 98 103 97 93 94 97 95 91 93 97 93 96 90 94 98 100 95 93 90 89 86 83 83
84 85 95 110 108 103 107 100 107 92 79 90 83 102 101 104 72 94 89 75 92 88 83 69 82 60 88 93 82 58 93 94 91 49 32 95 84 93 77 75 87 88 87 53 61 83 94 79 92 87 103 86 93 89 87 80 78 87 90 96 73 96 99 59 92 94 37 83 88 69 98 97 99 101 103 97 92 98 98 89 94 74 93 92 95 96 96 95 96 98 96 90 90 85 91 77
94 85 97 109 108 109 112 110 97 108 84 99 92 96 72 97 99 88 66 81 92 71 81 96 103 81 84 82 52 92 89 86 63 95 75 93 83 90 72 89 88 104 82 82 97 102 74 39 73 105 109 105 109 80 81 61 85 77 91 96 72 69 87 82 78 69 43 72 79 85 102 97 103 103 99 93 91 94 91 96 97 95 98 96 98 94 95 101 98 99 96 89 87 92 84 72
69 93 88 100 97 95 101 96 87 86 109 86 93 101 106 104 100 90 85 94 98 92 96 104 106 102 101 106 100 91 75 85 89 94 104 97 94 94 82 82 89 91 103 109 108 105 74 102 81 98 95 104 107 99 83 73 89 86 64 77 89 40 56 95 98 91 90 94 90 96 102 104 95 100 91 102 94 93 89 83 92 97 97 91 97 98 101 100 100 97 91 91 89 81 73 61
89 97 99 105 95 104 96 87 96 85 101 97 50 88 94 97 103 95 63 74 94 103 102 105 101 91 78 94 107 103 72 55 88 103 101 100 95 91 80 95 88 100 100 99 98 93 53 63 101 100 97 106 97 91 98 79 84 96 64 82 53 98 99 96 93 72 88 86 92 87 97 104 101 101 86 101 98 97 85 95 100 95 93 96 91 99 101 100 99 98 97 85 90 88 70 44
90 99 99 101 111 102 88 90 77 71 43 69 98 96 106 100 103 104 91 98 95 74 43 106 93 86 80 101 104 82 78 85 105 103 84 75 91 94 93 98 98 111 100 95 115 112 97 111 98 103 112 111 97 91 95 59 83 93 91 82 84 96 88 98 50 76 76 90 89 96 103 101 102 105 102 88 93 97 97 98 94 95 95 100 100 100 101 100 100 98 94 93 88 86 66 91
89 75 91 84 112 99 90 83 91 105 88 95 106 105 101 94 60 97 92 107 97 84 96 106 112 105 107 106 104 94 76 104 101 56 90 90 92 87 107 92 96 107 105 98 114 113 111 116 106 56 102 111 98 96 111 71 58 94 102 90 82 19 55 100 91 61 68 90 97 98 101 107 102 97 100 91 93 98 97 95 92 95 99 99 101 101 101 100 98 99 94 94 88 79 70 88
89 93 103 107 108 105 94 107 107 97 100 95 92 108 85 94 96 98 110 100 103 105 97 82 97 109 103 103 107 97 101 91 104 102 110 100 105 96 93 97 92 106 102 101 108 107 112 110 113 121 117 103 98 100 109 89 61 96 93 64 91 93 63 91 86 71 100 97 84 79 91 107 110 107 98 98 97 98 90 97 98 96 99 97 101 101 100 99 96 96 95 90 93 100 86 89
91 94 98 100 107 110 86 98 93 63 85 105 101 111 101 98 106 109 104 107 109 106 100 102 105 97 91 103 108 95 83 78 103 109 105 110 110 101 102 101 101 75 81 111 68 62 99 103 115 113 117 96 109 113 109 95 60 97 95 77 86 77 66 92 103 100 95 94 84 100 78 103 112 96 101 99 98 94 92 95 96 99 99 102 101 101 99 94 51 95 93 87 97 97 89 88
86 87 97 110 109 112 116 112 114 110 113 106 85 59 109 109 94 96 98 101 99 98 100 96 112 98 88 111 103 88 83 98 93 106 99 111 100 94 112 90 67 89 98 102 114 110 90 78 105 106 96 110 107 112 111 102 66 101 102 93 91 94 101 82 75 45 36 58 96 95 105 104 108 104 101 99 82 94 98 98 98 100 102 101 100 100 100 98 97 101 94 93 88 92 91 88
91 99 101 97 97 107 114 117 114 113 108 100 110 105 108 106 91 100 95 101 95 82 105 113 114 113 114 111 107 103 110 102 98 109 111 104 106 100 110 111 104 105 96 99 105 113 111 106 111 106 101 116 107 110 107 93 66 99 103 87 83 101 95 51 77 44 80 51 72 97 114 116 111 102 76 80 84 89 96 89 99 100 101 101 101 101 102 102 101 99 94 80 74 69 81 98
94 92 92 93 93 109 109 106 111 97 104 109 107 106 105 99 104 108 114 101 102 104 107 110 111 110 110 109 106 110 105 110 106 113 110 109 103 102 110 103 113 112 114 107 108 106 83 96 121 107 103 98 81 110 110 101 65 101 108 89 81 96 87 72 103 104 86 96 99 99 100 116 105 101 91 84 92 99 91 93 97 100 102 101 101 100 100 100 86 98 104 102 93 98 98 99
96 93 108 92 93 86 95 107 97 98 93 98 110 103 105 102 103 109 106 108 97 102 105 101 105 108 110 112 101 112 113 114 111 105 103 98 97 93 110 102 102 108 107 110 107 112 102 101 104 106 79 114 103 112 102 107 65 96 110 74 64 101 76 97 105 102 101 65 98 96 115 115 119 116 105 92 95 100 100 102 100 100 100 100 102 102 103 103 102 100 105 83 100 99 99 100
114 108 107 112 114 103 96 97 94 90 94 95 109 107 83 102 109 101 99 101 106 111 104 108 109 106 98 97 102 106 104 113 112 106 101 100 100 99 117 117 108 108 112 113 115 116 110 103 117 117 123 106 112 116 114 110 84 97 107 106 88 89 96 67 95 79 102 100 105 108 117 117 111 104 109 94 100 99 102 102 101 100 100 100 101 103 103 99 100 97 95 94 100 98 101 99
118 115 111 111 90 105 103 97 103 108 103 99 96 102 113 108 101 102 110 104 96 51 38 67 97 84 107 99 103 103 106 70 60 80 104 112 104 92 111 110 109 114 110 110 105 98 103 105 112 92 99 93 116 109 108 102 102 83 108 104 105 98 83 108 105 89 103 111 106 111 118 118 116 112 101 95 104 104 101 102 102 102 101 101 101 99 102 100 99 102 101 88 72 95 90 106
119 117 118 98 71 109 114 113 115 110 110 105 99 94 95 100 107 91 104 94 105 80 72 100 99 110 114 100 106 99 109 84 71 96 105 100 96 91 111 113 111 114 109 113 105 112 109 107 95 103 108 110 113 105 107 106 98 90 110 110 109 96 107 110 97 95 82 104 112 117 116 114 112 110 105 103 101 100 103 102 101 100 102 101 97 96 86 95 100 103 102 105 101 104 106 105
102 108 121 118 112 118 115 116 115 114 96 103 107 106 104 104 117 117 114 117 107 97 85 73 102 89 111 115 114 106 105 108 104 112 101 101 117 115 118 114 101 105 105 108 111 117 113 107 98 116 121 122 117 109 109 110 96 83 110 107 107 95 90 62 68 109 110 106 100 117 114 115 111 105 111 109 105 105 92 91 99 95 98 105 103 104 103 108 105 100 101 105 80 101 104 110
77 93 115 111 107 99 109 113 83 105 108 101 99 103 103 102 110 112 106 80 103 91 107 107 111 105 106 95 103 99 75 101 106 105 84 87 112 109 114 105 111 114 112 111 102 105 114 111 81 110 109 123 118 109 110 107 100 76 106 119 112 63 103 111 107 105 108 108 90 114 118 115 113 106 107 108 107 105 106 104 103 101 101 101 107 105 107 108 104 107 105 107 106 109 118 113
79 93 115 118 116 105 113 93 104 109 116 93 102 113 108 101 61 93 94 114 114 113 111 101 109 105 109 104 78 76 81 88 109 105 102 97 116 112 107 114 113 116 118 118 120 117 111 109 118 108 113 116 114 112 113 113 119 75 100 115 97 97 84 80 97 103 108 107 103 103 119 113 106 109 108 106 106 103 93 100 97 88 105 103 104 104 107 106 100 109 108 108 108 115 121 119
91 97 107 115 116 82 89 104 108 116 112 112 106 113 109 106 83 88 106 112 103 107 101 113 117 107 103 106 81 94 85 110 112 107 98 111 114 114 121 122 118 107 105 114 117 106 106 97 119 117 116 117 113 113 115 119 122 93 96 110 98 96 105 103 104 100 96 106 109 112 117 117 108 105 105 107 107 105 105 106 106 101 105 102 108 111 110 105 107 109 111 113 115 115 115 118
124 118 124 124 122 109 59 98 110 116 96 59 116 118 121 116 112 112 115 116 110 109 111 100 96 109 112 90 67 104 112 119 121 120 120 114 117 123 128 128 124 120 125 120 125 122 125 126 118 119 120 113 110 115 115 119 120 120 76 112 110 115 96 109 104 102 95 106 106 111 119 116 110 110 107 106 106 105 106 104 105 106 104 105 109 105 111 107 108 111 116 121 116 118 123 120
125 126 119 123 125 121 96 84 116 103 88 116 118 117 123 123 124 123 117 113 123 114 108 109 104 118 102 89 91 114 119 125 121 124 121 117 120 120 116 118 118 123 126 122 121 121 121 120 124 123 124 114 115 117 123 124 120 119 80 114 112 111 100 81 105 103 110 107 108 107 119 119 112 108 107 107 106 106 107 109 103 105 110 109 106 107 106 110 110 117 121 122 117 117 117 115
128 133 133 128 127 124 114 90 91 94 113 119 116 116 122 123 123 117 123 120 115 112 115 117 115 115 106 113 111 115 121 125 124 119 117 120 120 117 115 115 118 115 126 123 115 116 113 99 124 124 113 120 116 115 119 124 131 121 85 112 112 112 99 109 106 108 104 101 104 106 114 115 110 109 107 107 106 107 110 109 108 108 117 107 109 107 109 114 121 119 122 122 118 119 117 116
121 120 123 126 128 125 124 128 127 126 123 105 124 118 126 127 126 124 122 116 114 117 110 115 121 107 110 123 121 121 123 128 123 120 118 122 121 120 114 109 113 114 116 116 125 124 124 117 124 124 115 123 120 119 129 133 127 123 90 111 107 105 105 110 112 111 117 110 95 98 114 114 110 104 109 113 112 87 88 108 114 114 115 106 109 112 114 125 122 122 120 118 118 120 118 119
126 125 125 125 129 128 127 128 128 125 124 106 120 126 126 122 122 123 119 117 115 116 102 118 119 115 121 128 127 122 129 128 124 121 127 126 117 107 114 115 116 115 114 113 118 118 120 120 127 121 116 123 121 123 126 133 130 110 95 127 121 102 108 106 92 80 111 112 118 107 107 109 105 108 95 102 113 107 110 114 117 114 116 109 113 113 124 128 123 116 123 118 114 114 115 118
130 135 134 135 133 135 135 130 133 127 124 124 127 127 128 129 127 124 124 123 123 125 126 126 126 129 135 128 125 121 128 128 123 131 130 125 122 118 119 117 117 117 115 117 126 119 118 118 121 123 121 123 130 124 135 140 135 121 75 116 115 74 91 108 104 110 101 113 103 112 114 103 110 104 93 113 109 113 104 110 119 114 110 116 114 125 129 121 121 118 122 124 122 117 112 111
125 132 133 134 129 131 129 129 132 128 128 131 131 129 130 136 131 128 132 126 126 126 130 128 129 124 131 128 124 121 127 128 125 131 133 126 120 118 120 119 117 117 115 120 126 121 119 117 121 128 124 121 131 127 129 139 138 131 74 99 116 114 107 95 64 105 99 107 111 113 117 100 108 111 113 116 111 108 107 119 118 114 116 114 120 131 135 119 114 123 121 124 127 119 114 111
129 134 133 125 125 130 129 125 124 124 128 127 130 133 132 136 136 137 129 126 128 131 134 133 130 124 131 131 130 127 130 131 123 123 131 135 133 130 133 128 120 119 120 123 128 121 118 120 121 130 124 126 134 136 139 139 136 87 105 97 84 101 106 113 109 106 109 117 118 112 114 110 111 112 103 109 99 110 111 122 117 114 123 120 125 134 134 131 130 124 128 124 125 118 116 115
134 134 133 126 125 128 130 127 128 128 132 132 135 137 130 136 134 135 128 132 135 132 136 134 133 130 136 135 131 137 136 135 124 124 132 134 130 136 133 131 128 131 132 126 129 120 128 127 125 131 131 125 132 136 136 141 132 85 99 117 113 105 90 102 112 110 107 115 118 114 112 106 113 114 106 109 110 103 109 115 117 120 122 123 125 128 134 135 130 128 128 123 118 117 118 118
138 138 135 133 131 124 124 129 131 133 134 137 135 133 133 140 139 134 135 134 142 139 141 140 136 134 137 132 130 126 127 133 129 131 135 133 131 133 134 135 135 132 135 133 127 121 131 137 130 128 133 127 138 140 136 136 118 78 113 123 118 121 123 107 99 106 108 118 117 114 115 114 104 113 112 113 113 119 115 123 121 122 121 127 125 127 134 134 134 131 128 123 121 119 121 118
136 137 138 137 139 134 131 130 132 129 130 136 134 133 132 133 138 134 141 137 141 144 144 137 136 135 132 129 127 124 129 131 134 134 134 136 135 133 136 133 135 133 136 134 135 131 130 135 134 129 133 137 135 129 130 133 97 119 112 123 121 124 125 117 99 111 111 117 117 115 117 118 109 115 112 118 112 121 119 121 118 122 125 127 125 128 134 137 134 128 127 123 120 123 125 125
