NDVI-HI Matrices/GreenMatrix8.asc
ncols        129
nrows        129
xllcorner    0.000000000000
yllcorner    -129.000000000000
cellsize     1.000000000000
NODATA_value	-9999
[rows 84 to 125 of 129, columns 0 to 93 of 129]
161 161 156 146 145 151 152 154 155 152 151 147 136 132 129 134 153 151 150 148 152 145 144 150 150 153 156 146 154 155 156 149 145 150 148 152 150 152 157 159 156 156 150 155 150 157 156 154 156 156 158 156 160 153 151 149 144 139 156 156 150 145 150 149 147 146 152 148 158 162 158 158 150 149 146 148 146 148 147 148 149 149 149 146 144 144 145 147 152 146 144 144 144 147
155 153 157 156 155 157 156 156 156 156 149 148 153 154 148 141 159 162 162 160 157 154 150 146 153 149 153 152 155 154 151 153 152 154 143 152 156 160 159 158 153 153 152 155 154 156 156 157 156 158 161 165 162 154 152 152 135 129 156 158 152 148 160 149 146 149 155 152 154 158 159 158 154 151 150 146 149 149 148 145 148 146 147 148 145 149 146 152 153 146 147 148 147 146
144 145 154 151 149 148 154 152 143 151 152 150 150 156 141 143 158 159 154 149 157 154 156 156 155 154 151 147 154 147 148 154 152 145 143 146 152 159 156 156 157 158 156 155 154 154 155 158 159 153 156 161 160 154 151 148 143 126 155 160 157 153 152 152 152 149 154 152 154 159 162 157 153 148 148 147 148 149 150 150 148 147 145 149 150 149 147 150 149 147 148 149 148 150
143 145 154 159 155 152 153 147 149 149 158 157 153 155 144 153 134 146 154 156 158 159 161 158 158 156 155 152 146 147 150 151 154 148 147 154 159 157 150 156 160 159 159 155 159 157 154 155 157 158 159 160 157 154 153 151 162 115 149 159 155 155 150 148 145 151 147 149 150 162 163 152 151 148 146 148 149 148 148 149 147 147 148 147 147 150 152 148 148 152 152 149 149 154
151 148 150 157 157 146 145 150 152 156 155 152 151 155 146 148 148 145 156 155 151 149 156 160 161 162 162 154 148 153 156 152 156 149 156 159 162 161 164 161 161 154 150 154 158 153 153 154 161 160 161 160 155 153 152 161 167 140 161 162 157 154 150 151 148 144 146 148 154 158 158 160 150 149 148 148 150 151 150 150 150 146 150 149 152 153 151 149 150 149 150 151 153 156
158 159 162 161 162 151 139 147 153 153 146 143 156 155 160 158 149 149 157 157 159 153 151 159 155 159 160 151 146 159 162 163 162 165 162 160 163 165 167 166 163 158 160 158 158 154 160 163 161 161 163 152 150 152 153 156 159 164 120 159 160 154 152 154 151 151 147 150 148 156 163 157 149 146 149 148 148 149 151 150 149 149 150 152 153 148 152 151 150 155 155 157 155 158
164 165 161 159 162 163 152 147 154 151 145 158 160 160 161 166 164 166 164 164 166 159 149 157 163 165 164 156 157 161 166 166 165 162 162 161 162 158 157 157 159 160 159 159 157 156 161 159 160 163 162 159 159 160 167 161 158 164 125 157 155 153 150 146 150 148 151 148 150 152 159 160 148 148 147 148 148 151 157 155 150 154 160 158 153 150 149 152 151 159 159 158 156 156
167 169 170 163 160 164 156 149 145 143 157 163 156 156 165 160 167 165 165 166 164 156 161 164 164 162 166 159 157 160 165 166 164 160 158 160 162 154 154 155 156 154 160 163 156 155 158 152 161 165 154 163 154 155 162 161 170 164 134 159 156 155 147 153 155 156 152 153 150 152 161 153 149 148 149 150 150 153 155 151 151 156 161 150 156 149 150 154 158 158 159 160 158 158
161 163 163 167 166 167 166 166 162 161 163 163 160 164 168 168 168 168 166 165 158 163 161 162 161 160 160 164 163 165 165 168 164 157 159 163 160 157 153 156 152 153 159 158 161 163 160 158 163 165 153 166 156 156 167 170 166 164 130 161 155 154 152 156 157 157 162 152 140 145 154 150 150 147 152 155 154 151 151 152 154 168 163 152 151 152 153 163 161 163 161 159 160 161
165 164 163 165 166 167 168 170 165 161 166 164 163 167 167 163 167 166 163 163 162 163 159 160 160 163 163 168 164 164 169 167 164 159 165 167 164 157 151 153 151 151 155 155 161 156 159 159 165 160 154 165 157 162 166 171 168 149 143 164 161 154 157 152 153 151 157 162 159 148 154 150 145 148 156 153 153 152 154 154 158 159 157 158 156 154 162 166 163 159 163 159 156 154
169 169 167 169 171 169 171 168 170 168 164 165 167 167 166 165 168 165 163 163 168 167 164 163 163 170 171 168 163 160 167 168 163 171 168 163 161 158 156 154 153 153 152 154 166 155 155 155 162 161 157 164 167 163 171 174 172 167 115 161 160 156 150 155 153 154 152 155 155 156 153 149 146 144 151 153 151 158 152 153 160 160 153 158 157 164 168 157 163 157 165 164 163 156
164 165 166 168 169 167 168 169 170 169 167 166 166 168 168 168 171 166 169 166 166 169 167 169 170 168 167 167 165 161 167 165 161 170 168 165 157 158 161 156 155 158 152 155 165 158 156 153 157 170 160 160 171 164 168 174 172 179 118 139 158 156 150 150 148 155 156 156 153 152 158 146 149 150 154 161 151 152 150 160 160 157 157 156 161 169 172 155 148 163 163 164 166 159
167 167 167 163 165 167 167 166 166 167 166 166 166 168 168 169 174 172 168 168 169 168 173 172 163 165 166 168 166 166 169 169 161 161 168 169 169 170 173 168 157 154 162 166 165 158 155 160 158 171 162 167 173 170 173 174 174 133 155 143 127 145 152 154 151 150 152 154 153 151 155 155 152 153 152 152 148 153 154 161 158 157 164 158 165 170 172 171 168 166 167 168 165 157
169 170 167 165 166 166 167 168 165 166 169 166 170 170 168 173 172 174 167 174 169 173 173 171 172 170 170 166 168 173 174 170 163 161 168 172 172 175 177 172 165 171 171 167 168 156 167 164 161 170 166 162 169 172 170 177 173 136 138 158 156 156 141 145 152 151 157 157 155 151 151 151 155 154 149 154 152 151 155 165 159 159 161 162 165 167 173 173 168 168 169 164 159 158
173 172 171 169 169 166 166 167 168 168 170 170 169 171 171 178 173 170 173 171 172 172 176 176 174 172 171 170 170 165 170 171 167 171 170 170 168 171 173 173 175 175 175 172 167 159 171 174 167 161 168 162 171 174 170 178 171 118 157 160 158 161 162 153 142 150 152 155 152 152 152 152 150 152 154 155 157 159 157 160 161 162 162 164 162 166 170 170 169 169 169 165 161 160
175 176 171 172 172 171 170 170 168 167 165 170 170 170 171 172 172 172 173 172 178 179 174 177 174 172 169 166 166 165 166 170 173 171 175 175 176 172 170 172 176 175 174 173 175 171 168 173 167 164 167 169 170 167 168 175 149 160 156 163 159 163 166 160 144 151 156 155 151 157 159 156 149 154 158 159 157 160 162 163 162 164 163 164 163 165 170 171 169 166 166 166 164 163
177 176 176 175 173 173 171 170 172 170 169 168 172 171 173 173 169 174 172 175 179 173 174 171 176 172 168 169 166 168 165 167 170 169 167 170 172 174 171 174 175 176 175 177 175 174 177 176 171 171 170 159 146 148 175 163 161 166 159 172 166 165 164 161 152 150 156 156 153 156 157 157 157 147 160 158 160 158 161 164 164 162 161 166 167 167 170 172 165 161 167 171 166 165
176 180 178 178 172 174 174 173 173 171 171 170 176 174 175 173 170 173 174 173 173 175 170 169 174 170 169 168 166 167 166 167 166 166 169 169 172 171 173 173 173 174 179 180 182 176 179 181 177 183 166 168 164 163 163 165 159 161 166 160 167 164 163 161 162 152 159 159 157 157 158 157 158 148 157 161 160 161 161 163 163 161 164 167 165 166 170 170 162 166 166 161 164 166
176 176 181 181 174 172 174 176 171 171 174 177 178 175 174 174 177 174 176 176 178 172 169 172 170 165 165 168 166 165 167 169 167 166 170 169 172 172 171 178 176 177 177 178 180 174 167 137 149 148 144 162 167 165 162 162 169 169 169 163 165 163 166 163 161 163 136 157 159 157 157 156 159 150 160 163 164 167 161 162 166 161 161 168 167 166 169 170 169 167 167 168 167 166
171 175 175 177 175 172 175 174 177 176 177 177 175 174 177 175 173 179 176 176 176 167 168 175 174 165 168 166 168 164 171 168 168 167 170 168 169 172 178 179 177 178 176 165 170 155 140 166 170 168 170 174 170 170 167 168 165 166 169 166 165 165 165 164 167 167 140 159 162 163 153 154 161 154 161 160 166 167 163 164 167 168 167 168 169 170 170 168 165 170 169 168 169 167
172 179 177 177 180 178 180 176 181 180 180 181 177 175 175 181 175 176 179 178 168 167 167 171 166 163 165 167 168 166 167 170 174 168 166 166 169 170 169 169 171 172 169 155 136 122 170 174 174 168 171 168 165 165 166 166 165 166 169 163 171 169 165 164 165 163 149 156 162 160 158 162 160 158 162 165 164 165 163 162 166 168 165 169 169 167 168 168 169 169 168 171 166 167
171 182 177 175 184 184 181 179 184 179 179 180 177 173 176 178 181 174 178 173 167 166 163 169 166 165 167 165 166 166 166 165 167 167 167 168 165 167 169 167 164 167 138 135 175 172 175 172 171 168 166 168 164 166 167 166 166 168 169 172 168 166 167 166 166 167 159 150 162 161 160 162 162 162 149 165 166 163 166 163 169 169 168 166 165 167 167 171 169 169 167 168 169 168
167 173 180 175 180 181 184 182 183 180 179 184 179 179 175 177 177 177 173 172 169 162 164 165 165 168 166 166 165 160 162 168 167 166 167 167 167 166 174 177 129 156 174 172 171 168 169 172 168 166 169 168 166 169 168 168 167 167 170 157 171 165 166 167 165 161 156 147 162 167 159 161 159 163 153 162 163 166 164 167 165 168 166 167 167 168 167 169 172 169 167 167 167 168
171 174 176 174 169 168 172 180 182 185 177 178 179 175 174 180 179 176 176 172 170 165 165 166 166 166 164 162 162 165 166 168 167 165 166 173 173 168 173 154 155 177 172 172 171 170 167 169 169 170 172 166 169 169 170 168 168 170 172 173 168 162 165 168 162 163 146 156 160 162 161 160 162 162 160 157 164 167 165 165 165 163 168 167 168 168 168 167 166 168 169 166 163 166
169 170 171 173 173 172 171 173 170 176 180 178 178 180 176 176 179 179 180 173 166 168 168 170 168 168 167 165 163 163 167 165 168 166 171 162 154 152 135 130 174 173 169 169 168 165 167 171 173 172 169 167 169 172 171 172 171 168 174 164 172 168 162 167 159 158 161 152 158 162 162 159 160 162 163 153 165 165 164 164 166 166 168 166 166 163 168 169 169 168 165 170 165 165
169 172 174 173 174 170 171 177 179 178 172 176 175 174 178 174 172 173 174 170 168 169 170 165 164 167 165 164 168 162 166 171 166 152 130 151 174 178 174 174 179 166 162 167 161 165 169 168 171 165 169 164 169 167 167 164 166 171 174 167 168 167 168 169 163 164 162 149 152 158 159 162 161 161 163 152 154 162 164 161 165 165 162 167 162 164 165 166 166 168 171 170 164 168
173 173 177 182 180 170 175 175 179 179 176 175 173 173 171 174 178 176 175 173 167 168 168 165 166 169 169 170 173 174 171 163 136 153 168 174 174 175 172 171 174 168 163 159 166 167 167 168 168 169 168 169 170 168 166 167 170 174 175 164 168 169 168 166 162 167 168 155 158 161 160 160 162 161 161 161 148 163 162 161 163 162 160 160 163 165 165 163 162 168 169 171 169 164
177 178 182 179 178 178 176 172 174 179 179 181 182 179 179 174 175 175 167 168 171 175 171 169 173 170 171 171 168 172 153 170 173 177 175 170 172 173 172 177 176 170 163 171 169 163 165 170 167 173 173 170 169 164 169 172 178 168 164 171 173 168 167 166 164 163 159 161 162 155 161 163 161 164 162 160 152 152 156 158 163 165 164 161 156 163 166 163 158 166 169 171 171 175
177 177 181 182 182 180 179 174 180 177 179 180 181 180 182 182 176 173 174 172 171 171 175 172 173 174 174 174 141 131 157 178 174 172 171 173 174 172 169 172 176 167 167 170 168 168 166 170 171 169 167 162 165 166 168 175 181 174 172 172 176 172 172 174 174 167 152 163 168 158 162 155 161 163 162 164 156 146 159 160 162 169 159 168 158 160 162 161 155 161 170 167 171 172
178 177 178 184 184 181 177 178 182 175 181 174 176 176 176 177 178 174 173 176 177 171 172 174 175 176 174 140 159 179 177 172 173 171 175 175 174 171 170 172 171 168 170 167 168 166 168 168 173 171 167 174 171 171 172 155 163 170 173 176 183 174 180 186 181 164 149 166 166 167 160 161 164 162 162 162 158 148 158 156 156 163 163 161 160 160 159 165 162 161 164 163 165 168
178 183 181 177 177 174 176 179 176 179 179 175 175 175 176 173 173 172 173 173 180 174 174 174 176 180 156 181 181 181 177 172 175 176 177 176 174 175 168 170 171 172 169 167 167 169 167 166 173 172 173 170 178 175 164 172 172 173 172 174 180 179 180 176 176 169 152 166 166 166 158 165 163 162 164 161 157 161 153 158 158 162 162 163 160 159 156 159 161 162 162 159 162 163
177 177 174 175 173 172 174 174 173 171 174 172 175 170 176 177 180 184 178 172 174 175 174 174 140 163 177 182 181 181 182 173 184 184 184 175 174 177 171 168 171 173 169 171 167 170 169 169 166 170 173 166 170 171 167 177 175 171 174 167 174 174 174 172 167 167 155 166 166 166 162 158 160 160 163 163 158 156 161 146 154 158 160 163 167 169 168 161 157 159 162 167 161 168
175 174 175 171 170 174 173 175 175 167 173 170 173 171 179 181 179 175 174 178 167 142 127 132 181 181 175 177 179 181 175 173 174 172 171 171 172 173 173 170 173 170 167 170 167 168 176 174 171 170 159 165 176 171 168 175 169 174 172 174 171 166 170 169 167 165 156 166 164 164 159 158 159 163 165 163 158 158 161 157 156 161 162 168 166 168 163 159 165 161 164 170 162 161
162 168 169 173 166 155 170 170 171 168 169 170 176 172 178 177 177 170 157 143 134 152 167 177 183 177 178 182 178 175 176 175 172 177 179 175 175 173 170 164 167 165 170 173 178 177 177 172 169 166 159 172 175 173 173 167 168 174 177 175 166 167 166 168 170 156 166 166 163 162 159 159 164 161 162 163 161 160 164 162 149 162 162 160 165 164 164 165 160 162 161 163 162 161
165 166 167 164 168 168 143 150 166 172 172 171 178 173 178 181 165 144 156 177 178 176 174 174 177 175 178 183 180 179 177 180 179 175 174 177 173 170 163 163 164 164 167 167 171 172 170 176 174 170 171 152 172 169 169 172 172 162 166 170 164 166 166 174 167 159 168 164 161 158 158 160 160 162 162 163 162 162 160 162 159 161 170 162 166 159 167 164 161 164 166 163 160 158
168 172 171 172 170 171 174 172 158 162 171 179 177 182 164 147 164 177 174 175 177 177 175 180 177 174 174 178 175 179 178 176 174 174 180 175 169 166 167 162 167 168 169 175 179 175 173 170 177 171 162 149 152 166 178 175 170 162 164 166 162 165 168 171 169 160 166 167 164 164 156 164 162 161 164 164 166 163 162 159 164 163 162 164 165 168 167 164 166 158 160 161 168 158
173 171 174 175 170 178 175 169 167 148 167 173 179 165 140 177 179 177 176 180 179 177 181 179 177 175 176 181 180 179 178 175 176 174 177 177 180 176 172 168 161 167 175 172 178 178 178 173 172 172 161 154 154 172 178 177 169 165 162 159 162 162 171 168 162 158 168 166 170 172 156 163 162 163 166 166 167 164 160 161 165 165 161 166 167 166 171 164 165 162 161 97 160 163
176 180 181 176 175 178 175 170 177 170 156 170 173 166 163 179 172 178 180 182 187 178 176 178 177 179 180 176 178 179 184 180 179 177 173 182 173 171 172 169 166 164 168 178 170 176 176 173 169 171 161 162 164 159 161 173 168 164 165 166 163 169 170 163 150 161 162 169 169 165 162 158 167 169 170 168 168 161 160 160 163 163 160 157 162 165 165 164 163 156 158 150 163 163
177 180 174 175 178 179 178 178 172 172 172 164 168 169 174 160 171 173 181 181 181 174 179 179 176 179 177 177 177 178 180 180 178 175 173 183 171 165 171 171 167 171 171 173 176 176 173 180 177 167 158 171 174 169 172 170 173 164 164 170 172 170 165 165 152 166 175 168 163 160 159 158 157 169 171 167 162 160 159 159 161 165 164 159 152 167 166 166 161 158 159 161 165 160
176 176 179 181 174 170 175 178 178 170 167 178 170 168 171 171 163 167 156 157 159 172 174 174 175 171 175 175 180 178 177 181 178 170 173 178 178 171 155 170 165 165 165 170 172 175 177 171 171 169 168 167 174 175 172 173 170 163 174 169 167 167 168 161 135 168 176 168 169 160 163 161 157 163 166 165 162 161 159 158 163 167 168 168 162 168 164 161 160 155 158 160 164 158
174 177 176 170 174 169 173 173 172 172 172 170 165 170 171 174 171 183 174 175 175 161 171 170 175 174 175 173 172 178 168 175 173 174 166 173 171 167 164 168 169 172 171 174 169 168 169 171 167 173 177 170 176 171 174 171 164 162 173 179 179 172 169 163 132 162 168 169 166 166 159 159 166 160 166 166 165 164 167 166 167 169 169 169 170 169 169 162 161 158 159 161 167 166
175 176 173 172 173 174 172 172 174 172 173 164 162 167 168 168 177 171 174 168 168 171 159 175 172 176 175 177 178 182 175 181 178 170 170 174 176 167 169 171 170 171 163 170 168 167 174 171 172 168 171 164 180 185 175 166 161 168 172 172 169 167 164 163 146 158 164 165 153 160 171 175 172 164 166 167 166 162 162 165 166 165 165 165 166 167 167 163 161 163 161 158 157 163
