NDVI-HI Matrices/GreenMatrix12.asc
ncols        129
nrows        129
xllcorner    0.000000000000
yllcorner    -129.000000000000
cellsize     1.000000000000
NODATA_value	-9999
[rows 84 to 125 of 129, columns 0 to 94 of 129]
143 143 141 134 123 131 134 136 134 132 130 126 115 114 110 109 131 132 134 133 137 128 124 131 130 130 130 121 127 125 125 118 115 120 118 125 125 119 130 129 133 130 122 129 122 130 128 131 137 134 136 138 139 131 131 126 118 116 134 133 127 125 128 125 125 125 126 124 135 137 133 132 130 132 128 129 127 125 118 122 126 128 123 123 124 122 122 121 121 122 119 116 119 126 120
139 139 142 139 140 140 135 137 137 136 131 130 135 132 128 120 141 141 140 141 138 136 133 121 133 127 130 130 135 132 128 127 123 121 113 124 127 133 136 133 127 129 127 129 128 133 136 135 134 140 141 143 139 133 131 128 115 102 129 134 131 129 133 125 113 128 132 129 131 136 138 137 132 129 131 128 127 129 126 125 127 122 124 131 127 125 125 127 128 121 122 124 122 123 125
131 134 140 135 133 133 138 137 124 134 133 133 135 138 120 123 138 143 139 134 139 136 136 138 134 135 127 123 129 125 124 129 125 115 117 117 126 132 134 131 135 136 129 129 130 131 131 134 134 135 138 142 141 131 129 125 121 97 132 134 132 121 124 128 129 126 129 130 130 138 138 136 133 131 130 128 126 129 128 129 126 129 127 127 125 127 120 123 122 126 125 124 125 129 130
133 136 139 141 140 138 139 130 133 133 138 138 135 138 125 134 118 129 139 140 140 140 137 135 138 137 132 134 123 123 129 123 125 122 125 131 136 132 121 127 131 133 136 137 135 133 135 136 138 135 136 134 132 132 131 129 139 100 122 138 133 130 124 119 117 124 126 128 130 138 138 133 132 130 130 130 128 128 128 127 127 127 129 127 127 127 125 124 126 126 127 125 126 130 134
136 134 136 142 141 132 131 135 136 140 139 137 135 140 128 129 136 132 139 139 132 129 134 140 141 139 143 134 128 130 127 126 129 129 133 136 136 132 135 138 134 129 128 132 136 130 130 128 138 140 139 135 131 131 131 136 139 113 126 136 136 131 127 125 121 124 126 128 131 134 136 139 133 132 130 126 129 128 128 129 129 130 128 127 127 129 124 124 126 123 126 126 128 130 134
148 143 146 143 145 139 125 131 137 138 132 124 136 136 143 137 132 128 136 137 136 130 132 132 132 138 141 133 131 139 136 138 140 142 138 135 136 140 144 143 138 136 139 138 137 135 138 138 137 137 138 132 129 130 133 135 137 139 104 136 136 134 125 127 123 126 128 131 129 134 138 136 131 129 128 129 130 131 130 127 127 128 127 128 129 127 126 124 124 126 129 132 130 134 139
145 147 144 144 148 145 135 134 139 138 126 138 139 140 143 144 146 146 146 142 145 133 123 133 138 142 143 135 136 139 141 143 144 141 139 136 138 138 134 135 135 137 138 140 136 137 135 135 140 139 140 132 135 134 140 139 136 137 100 136 135 130 128 124 123 121 130 129 129 132 139 137 131 131 128 128 128 129 131 129 128 126 134 133 128 126 124 130 126 134 134 135 133 133 132
150 153 152 146 147 145 143 130 128 130 139 142 139 139 143 142 146 143 144 142 141 130 138 139 141 141 142 137 137 138 142 145 142 138 134 137 139 133 129 131 131 129 140 141 136 132 132 135 141 140 127 134 132 129 131 134 147 137 108 137 133 132 126 127 129 132 126 128 127 130 140 133 130 129 130 128 131 130 130 129 128 132 133 126 124 127 129 130 133 133 136 137 134 133 133
145 143 142 145 150 145 146 146 145 145 144 142 143 142 145 143 144 143 144 139 131 136 134 139 140 138 142 143 141 139 144 147 142 135 136 140 137 132 133 131 127 127 132 132 144 141 140 137 140 138 129 137 131 131 141 144 140 137 105 137 132 132 128 129 130 131 135 127 117 118 133 130 129 129 132 133 131 124 127 129 130 135 135 127 125 125 129 138 135 136 136 132 133 136 131
148 145 144 147 147 147 146 149 147 144 146 145 143 146 142 138 138 141 141 138 133 136 135 139 138 138 142 147 145 140 147 146 144 138 145 144 140 132 129 130 129 128 132 131 134 133 134 133 143 137 131 135 134 136 140 144 141 126 113 141 136 130 132 124 124 123 132 134 134 125 131 129 130 132 130 132 131 129 130 131 132 130 130 129 131 131 135 139 137 128 136 132 128 127 130
150 152 150 152 151 152 152 149 152 152 144 143 143 144 142 142 136 139 142 140 140 144 143 143 137 144 151 146 143 139 147 146 140 151 147 141 136 135 132 129 127 129 128 131 140 133 129 129 134 136 134 135 142 138 146 146 145 141 94 135 135 134 124 128 126 128 131 133 130 135 131 128 128 126 130 132 130 132 127 127 131 130 128 127 130 137 141 132 130 127 134 136 135 124 120
145 149 150 152 149 151 148 149 151 149 146 149 147 142 142 149 145 143 147 143 142 144 148 145 146 143 150 148 143 138 145 146 140 151 150 145 136 135 134 131 130 131 130 131 141 136 131 129 133 143 135 134 145 139 143 148 146 149 95 110 130 131 128 125 118 127 128 131 132 131 135 121 126 128 135 135 129 126 129 133 134 134 127 124 127 141 146 132 124 136 135 135 134 127 124
148 150 151 144 143 148 147 142 147 145 147 146 146 147 148 150 149 149 147 144 145 147 151 148 147 143 148 149 148 146 150 150 140 140 149 150 150 146 148 144 136 133 135 138 142 134 127 132 132 141 135 136 144 144 148 149 148 113 131 110 100 116 120 126 127 127 130 131 133 131 133 127 125 131 128 127 125 128 132 136 133 130 134 125 135 143 145 145 142 139 141 139 136 129 129
151 152 149 145 146 147 145 142 145 145 149 148 148 151 148 150 149 149 144 146 151 151 154 152 152 149 151 153 154 154 154 151 140 140 147 151 146 152 151 149 143 145 148 141 143 132 140 138 134 141 142 134 142 145 148 150 148 113 119 132 125 122 109 118 127 125 130 133 134 134 131 127 127 130 128 132 130 127 132 134 129 130 133 131 132 136 137 141 142 141 143 136 132 131 129
153 155 151 149 147 146 143 143 148 148 149 151 150 149 148 155 155 150 150 150 155 155 155 155 153 154 156 152 151 148 150 151 145 147 152 149 146 150 149 151 148 150 152 147 143 134 145 149 145 137 144 138 147 149 147 151 140 100 131 136 134 136 134 123 115 124 129 133 132 133 134 133 125 131 133 134 131 133 132 131 133 131 128 135 133 134 135 145 143 144 141 136 132 131 134
156 156 153 154 154 152 149 146 147 146 146 151 151 148 148 150 153 150 156 150 156 159 159 156 157 154 153 150 148 147 150 151 155 153 153 153 153 149 151 147 149 149 150 149 148 145 145 148 143 141 143 146 146 142 145 149 121 136 129 137 134 137 137 133 116 123 131 132 133 133 131 132 126 132 133 135 134 133 133 135 131 132 135 136 135 136 137 147 144 139 140 138 135 136 138
157 155 156 157 155 154 151 150 151 151 150 150 154 154 154 152 151 150 152 150 158 158 159 156 155 152 151 152 150 148 148 148 150 151 152 153 153 154 150 148 153 154 152 154 152 150 152 150 147 147 147 139 124 127 151 140 142 138 130 142 137 138 137 137 131 114 129 133 133 133 135 133 133 122 136 133 135 132 134 134 136 138 133 136 136 139 141 146 140 137 138 139 137 135 139
157 160 159 158 155 156 154 155 154 153 153 152 157 158 157 154 152 153 158 157 154 158 156 154 155 152 152 150 149 148 148 148 148 148 151 151 152 151 153 156 154 153 153 155 159 152 154 156 154 158 144 147 144 142 145 143 137 138 140 134 139 137 139 138 139 123 128 135 135 134 134 135 134 121 133 134 134 135 135 129 137 134 137 137 137 138 139 144 139 137 137 135 136 134 136
153 154 159 161 155 153 155 153 155 154 156 157 160 158 156 155 154 155 155 158 158 158 153 156 155 151 149 149 149 147 145 148 147 149 151 151 154 156 154 155 155 156 157 156 159 152 143 113 129 132 123 146 147 144 141 141 145 146 146 137 140 139 141 138 139 137 111 135 140 136 136 134 136 125 135 136 138 139 138 137 135 132 134 139 137 137 142 144 142 140 140 142 140 139 138
152 150 153 156 157 156 158 155 156 159 158 158 157 156 156 158 157 158 158 157 160 156 155 158 158 152 152 149 147 148 151 153 150 150 150 149 151 152 156 157 157 157 154 150 145 129 116 140 146 148 150 152 150 149 146 147 144 144 147 139 143 142 143 142 142 141 117 135 141 141 136 136 138 129 136 136 139 139 139 139 136 139 133 135 137 139 142 140 136 143 143 140 139 140 142
150 160 159 156 161 162 159 158 159 159 158 159 156 158 155 161 158 159 159 161 159 157 155 155 153 152 155 153 152 149 149 154 157 153 149 148 148 150 150 149 151 153 149 137 118 109 142 149 150 145 145 145 142 147 146 144 142 142 147 141 146 142 144 145 144 142 123 132 143 139 139 141 140 134 135 141 139 139 138 134 136 137 137 144 139 141 141 143 144 143 139 144 138 140 144
148 161 158 157 162 165 161 158 160 158 159 160 160 155 157 159 162 157 158 159 157 154 150 153 153 154 154 154 153 150 147 149 152 151 150 149 143 147 147 145 146 148 122 119 154 152 150 150 144 145 147 147 145 145 142 143 141 142 144 143 147 146 147 146 146 145 135 129 143 142 142 142 139 141 126 141 142 138 136 133 136 139 139 139 139 140 143 142 145 145 142 144 144 141 150
148 155 161 157 160 160 161 163 159 163 160 164 160 161 158 157 160 161 160 161 157 152 151 153 153 155 153 153 151 146 150 151 148 147 147 149 150 150 156 158 112 139 155 155 154 150 147 150 148 144 146 144 143 142 141 143 146 144 144 132 147 147 148 148 147 143 131 118 143 144 141 141 140 141 129 136 140 140 138 139 135 139 139 140 140 139 141 144 144 144 141 140 140 141 143
148 153 155 154 150 149 153 160 158 162 158 159 161 158 160 160 163 161 160 161 158 156 152 153 153 153 153 150 149 151 149 150 151 149 151 154 155 154 153 131 134 155 155 155 152 152 149 148 148 147 149 146 147 148 146 146 145 147 148 146 149 148 150 147 144 142 125 129 138 142 143 143 144 142 138 131 138 141 139 137 137 136 142 142 139 141 142 142 147 141 143 140 134 139 144
152 152 150 153 152 152 152 154 150 157 160 160 159 159 159 159 161 162 165 160 156 156 156 155 151 152 151 149 148 147 151 151 153 153 154 143 131 133 117 113 157 155 154 151 150 150 150 149 150 151 150 148 151 149 147 149 149 146 152 141 153 153 149 148 143 142 139 128 132 144 145 143 141 143 140 125 140 140 141 140 138 137 142 140 142 143 143 142 146 142 141 142 145 143 148
153 152 153 155 157 152 153 157 163 157 153 155 157 157 159 157 161 158 160 158 157 156 156 154 153 154 150 151 152 149 153 156 147 134 110 136 156 163 157 156 159 153 152 149 148 150 149 150 148 146 149 149 147 150 145 144 148 150 152 142 150 150 151 149 145 146 140 129 132 143 144 143 145 144 141 129 129 141 141 140 141 137 139 142 144 143 143 143 141 144 144 147 146 146 146
154 153 156 164 161 153 156 158 158 161 158 157 160 156 154 158 161 164 163 161 159 157 155 153 152 155 155 154 154 156 156 143 118 136 152 160 157 159 155 155 156 153 148 145 150 153 151 149 150 148 152 156 153 152 149 148 150 151 151 142 152 149 150 148 149 147 138 128 135 141 143 143 145 144 141 138 123 136 139 143 139 138 135 142 145 145 146 142 144 145 145 148 148 147 144
159 157 159 162 161 157 161 156 158 158 162 163 164 162 162 158 159 158 157 158 158 157 156 157 156 154 150 152 151 150 130 151 155 156 156 155 156 155 154 156 154 155 151 155 152 152 150 153 152 155 157 156 153 150 151 150 154 141 141 151 151 152 151 150 148 145 129 138 139 130 142 143 143 141 141 140 134 128 135 135 141 142 142 142 139 144 144 142 143 146 145 147 146 149 144
158 158 159 164 163 161 162 157 161 160 161 164 161 161 163 158 157 156 154 155 154 153 155 154 155 157 155 154 122 113 140 161 156 152 152 154 155 154 153 155 154 153 152 155 154 154 153 154 155 154 151 149 146 151 151 154 156 150 154 154 157 154 157 157 156 149 129 142 144 130 142 143 142 143 141 142 137 123 138 136 139 142 141 144 141 135 144 145 140 143 146 147 146 145 146
158 157 157 159 161 164 159 157 162 158 161 158 158 158 157 158 157 156 154 156 156 154 153 154 156 160 153 124 140 159 159 156 153 153 153 155 155 152 156 151 152 155 155 156 155 155 156 153 154 155 152 154 151 151 152 136 144 150 155 158 164 159 158 160 158 146 127 141 146 143 131 144 146 142 142 143 141 131 130 135 135 140 140 146 142 139 141 144 143 142 139 142 145 147 144
155 158 161 156 156 153 156 158 158 161 157 158 158 156 157 156 156 156 156 156 157 157 157 157 158 160 135 160 162 161 157 154 155 156 156 156 156 153 153 156 157 156 155 155 155 154 155 154 158 156 159 154 160 154 144 151 152 154 153 156 158 161 162 156 153 148 127 143 148 146 131 146 146 144 144 142 142 140 127 136 135 138 140 142 145 142 138 142 143 143 141 143 148 148 148
155 156 157 156 157 155 157 159 158 156 155 157 154 153 156 156 157 162 161 157 154 159 156 153 120 143 159 161 162 164 163 158 165 162 162 157 155 152 151 154 156 158 157 158 156 157 154 155 153 153 155 145 146 154 153 158 159 153 155 152 155 159 157 153 150 148 130 145 146 147 141 139 143 146 146 142 142 143 139 119 131 138 143 142 146 146 147 136 138 141 143 147 147 149 145
154 154 155 153 153 153 151 155 157 153 156 153 153 155 156 157 158 157 155 156 146 121 109 114 161 163 157 159 160 163 161 158 155 151 155 156 152 154 156 156 159 158 158 157 154 155 160 160 157 153 141 146 160 157 154 160 157 156 155 154 154 152 153 150 149 146 129 146 145 146 139 142 146 146 144 144 143 144 140 132 133 135 140 143 146 146 144 142 143 142 142 149 148 149 152
140 142 148 155 147 128 149 151 153 152 152 151 156 156 157 157 158 154 143 122 113 134 151 158 164 160 159 164 161 159 159 158 156 155 159 154 156 153 154 152 152 151 152 155 158 158 160 157 155 153 144 156 162 159 157 152 149 153 159 157 151 149 150 153 150 137 139 146 147 144 139 143 150 147 146 146 146 143 141 138 122 137 135 145 147 148 148 147 144 139 140 145 148 150 150
141 148 148 144 149 147 123 131 151 153 155 152 155 158 159 160 146 117 135 153 156 157 157 157 160 157 160 162 162 160 159 161 159 157 156 155 155 150 150 151 153 152 153 154 153 153 154 157 157 156 154 137 157 154 155 155 157 149 152 154 152 148 150 158 151 139 147 147 146 143 138 143 146 148 143 145 145 142 145 144 132 128 141 143 148 148 144 148 147 140 142 145 146 149 148
153 155 153 154 152 155 155 152 133 149 155 159 158 163 147 127 138 156 156 159 160 160 157 159 159 157 158 158 156 156 154 153 153 153 156 155 154 152 152 152 158 158 158 157 160 160 158 154 157 157 147 131 142 154 158 158 156 149 151 151 147 148 151 156 150 138 149 152 149 147 136 149 148 148 148 146 147 145 145 145 140 139 132 143 146 148 149 149 143 141 141 145 144 144 148
154 153 156 156 157 157 155 154 149 130 155 159 163 152 121 156 159 157 159 162 162 160 160 159 158 159 159 162 159 159 159 154 155 156 155 157 157 157 156 157 155 158 158 157 161 162 162 160 156 155 140 139 144 159 161 164 154 152 149 148 148 148 154 151 137 137 150 151 152 153 133 141 147 146 148 147 147 148 145 145 144 142 137 147 145 149 149 148 145 144 147 77 140 146 146
156 156 158 159 157 157 159 155 155 154 138 151 158 156 143 158 157 159 161 163 163 158 157 158 159 160 159 160 158 156 158 159 157 152 153 161 156 156 155 155 156 157 160 161 158 164 161 156 158 154 141 151 153 150 151 156 154 154 149 152 150 155 154 147 130 144 147 153 150 149 145 137 144 150 149 150 147 146 146 146 144 144 144 135 145 149 149 146 146 143 144 135 143 143 147
159 158 158 157 155 158 157 158 156 154 155 144 152 156 155 140 156 158 163 161 161 156 159 157 160 159 159 159 157 155 156 157 158 155 152 160 156 153 154 158 155 157 157 158 159 161 160 160 158 155 144 158 158 156 156 156 159 153 152 158 157 155 151 148 127 149 154 149 145 144 146 145 133 147 149 147 147 146 146 141 142 146 147 140 144 149 150 147 144 144 147 145 143 146 145
157 154 159 158 157 157 157 158 158 156 153 157 152 152 155 153 147 148 138 136 140 155 155 158 158 156 156 158 159 155 155 154 155 153 155 157 160 154 151 152 152 154 154 156 158 158 159 158 156 156 151 152 160 160 159 159 158 152 160 156 156 151 154 147 113 151 153 147 148 146 146 145 136 142 147 148 146 145 142 144 145 150 148 145 142 149 148 148 147 145 145 143 148 144 147
155 155 158 155 156 155 157 157 159 157 153 153 154 156 155 158 157 161 156 156 155 140 152 152 156 155 153 152 153 157 154 153 155 152 151 157 156 154 151 154 153 155 157 156 152 154 155 156 152 155 157 148 160 157 160 156 151 149 155 158 158 154 153 147 112 144 148 151 149 150 145 145 150 137 146 147 147 147 145 149 148 150 150 146 143 146 150 149 147 146 145 147 148 146 149
156 154 155 155 157 159 158 158 160 158 148 154 155 155 154 156 158 154 156 154 153 149 141 156 156 157 156 154 156 160 157 159 158 155 153 158 159 152 155 154 155 156 151 155 152 154 157 155 154 152 153 139 157 162 161 156 152 150 154 155 153 149 150 148 131 138 147 148 131 140 150 152 150 146 142 149 147 148 145 147 149 149 150 145 141 144 148 150 148 147 146 145 145 146 147
