NDVI-LO Matrices/GreenMatrix12.asc
ncols		30
nrows		30
xllcorner    -27000.000000000000
yllcorner    2099760.000000000000
cellsize	10000
NODATA_value	-9999
    0    0    0    0    0    0    0    0    0    0    0    0    0    0    0    0    0    0    0    0    0    0    0    0    0    0    0    0    0    0
    0    0    0    0    0    0    0    0    0    0    0    0    0    0    0    0    0    0    0    0    0    0    0    0    0    0    0    0    0    0
    0    0    0    0    0    0    0    0    0    0    0    0    0    0    0    0    0    0    0    0    0    0    0    0    0    0    0    0    0    0
    0   63  183   27   22   22   20    0    0    0    0    0    0    0    0    0    0    0    0    0    0    0    0    0    0    0    0    0    0    0
    0   63  183   27   22   22   20    0    0    0    0    0    0    0    0    0    0    0    0    0    0    0    0    0    0    0    0    0    0    0
    0   62  183   26   21   21   19    0    0    0    0    0    0    0    0    0    0    0    0    0    0    0    0    0    0    0    0    0    0    0
    0   59  182   23   19   19   18    0    0    0    0    0    0    0    0    0    0    0    0    0    0    0    0    0    0    0    0    0    0    0
  201  124  188  143  151  151  100   22  154   39   73   73    0    0    0    0    0    0    0    0    0    0    0    0    0    0    0    0    0    0
  201  167  201  178  181  181  112   23  155   42   76   76    0    0    0    0    0    0    0    0    0    0    0    0    0    0    0    0    0    0
  199  195  209  201  198  198  139  157  168   99  111  111  201  209   19  179  179  213  207  218   12    0    0    0    0    0    0    0    0    0
  191  210  214  213  203  203  185  178  194  173  184  184  202  209   22  180  180  213  208  217   12    0    0    0    0    0    0    0    0    0
  199  222  221  220  211  211  213  200  212  213  224  224  207  214  131  193  193  217  210  212  177  208  208  220   15   27  223  223  216   67
  223  231  229  223  222  222  223  220  222  216  228  228  218  224  205  219  219  227  216  202  205  208  208  220   16   30  223  223  217   70
  230  234  231  222  230  230  226  229  227  221  230  230  227  229  238  231  231  231  222  205  223  213  213  221  163   75  222  222  217  108
  222  231  228  218  233  233  220  226  227  229  232  232  233  230  231  230  230  228  229  221  229  222  222  222  202  174  221  221  217  188
  215  226  222  218  231  231  218  223  227  233  230  230  231  227  227  227  227  224  229  227  229  225  225  223  224  226  222  222  218  228
  209  218  216  224  223  223  218  221  226  234  223  223  220  221  226  223  223  218  221  221  222  222  222  222  225  228  223  223  221  225
  207  215  213  227  220  220  219  220  226  234  219  219  216  218  227  221  221  215  218  218  219  221  221  222  225  228  224  224  223  223
  208  216  214  228  221  221  220  221  227  235  220  220  218  219  228  222  222  216  219  218  219  222  222  222  225  228  224  224  222  223
  205  213  210  221  215  215  215  217  223  229  218  218  215  218  223  220  220  214  218  221  222  220  220  223  224  225  226  226  224  224
  198  204  200  207  201  201  205  207  214  214  212  212  208  215  213  216  216  208  216  225  227  215  215  226  222  220  229  229  226  227
  197  201  197  201  195  195  202  201  206  203  206  206  201  207  205  211  211  206  212  219  220  211  211  223  221  213  224  224  227  222
  202  204  201  204  199  199  203  198  198  196  199  199  194  196  198  207  207  206  207  204  202  207  207  213  222  207  210  210  226  211
  204  206  203  205  201  201  204  200  198  194  195  195  192  191  194  201  201  203  203  197  192  203  203  203  217  208  208  208  220  206
  202  206  203  204  202  202  204  209  204  198  195  195  196  193  194  195  195  197  200  197  189  199  199  191  206  218  218  218  208  209
  203  206  205  203  205  205  205  210  210  200  195  195  197  196  197  196  196  196  201  200  194  199  199  192  204  220  218  218  202  209
  205  206  208  202  209  209  205  204  215  199  196  196  196  199  202  203  203  201  207  206  207  202  202  207  210  215  209  209  202  207
  207  206  209  202  212  212  205  201  218  198  196  196  196  200  205  206  206  204  210  209  214  203  203  214  213  212  205  205  201  207
  207  206  209  202  211  211  205  201  217  198  196  196  196  200  204  206  206  203  209  208  213  203  203  213  212  213  206  206  201  207
  207  206  209  202  211  211  205  201  217  198  196  196  196  200  204  206  206  203  209  208  212  203  203  212  212  213  206  206  201  207