NDVI-LO Matrices/GreenMatrix17.asc
ncols		30
nrows		30
xllcorner    -27000.000000000000
yllcorner    2099760.000000000000
cellsize	10000
NODATA_value	-9999
   0   0   0   0   0   0   0   0   0   0   0   0   0   0   0   0   0   0   0   0   0   0   0   0   0   0   0   0   0   0
   0   0   0   0   0   0   0   0   0   0   0   0   0   0   0   0   0   0   0   0   0   0   0   0   0   0   0   0   0   0
   0   0   0   0   0   0   0   0   0   0   0   0   0   0   0   0   0   0   0   0   0   0   0   0   0   0   0   0   0   0
   0  44  63  36  33  33  37   0   0   0   0   0   0   0   0   0   0   0   0   0   0   0   0   0   0   0   0   0   0   0
   0  44  63  36  33  33  37   0   0   0   0   0   0   0   0   0   0   0   0   0   0   0   0   0   0   0   0   0   0   0
   0  44  63  36  32  32  37   0   0   0   0   0   0   0   0   0   0   0   0   0   0   0   0   0   0   0   0   0   0   0
   0  44  63  35  32  32  37   0   0   0   0   0   0   0   0   0   0   0   0   0   0   0   0   0   0   0   0   0   0   0
  60  48  64  57  48  48  57  35  52  46  53  53   0   0   0   0   0   0   0   0   0   0   0   0   0   0   0   0   0   0
  60  51  65  63  54  54  55  36  52  46  53  53   0   0   0   0   0   0   0   0   0   0   0   0   0   0   0   0   0   0
  56  54  63  64  57  57  55  51  56  49  56  56  59  71  37  59  59  63  65  64  31   0   0   0   0   0   0   0   0   0
  48  58  59  61  58  58  58  62  64  56  62  62  59  70  38  59  59  63  64  64  31   0   0   0   0   0   0   0   0   0
  50  61  57  61  57  57  62  67  67  58  63  63  62  68  55  61  61  61  63  60  58  58  58  53  37  44  54  54  52  41
  64  62  55  65  56  56  66  63  66  57  60  60  67  64  64  65  65  60  60  52  62  58  58  53  38  44  54  54  52  41
  73  63  59  66  56  56  64  60  65  60  60  60  67  59  64  65  65  59  58  52  63  57  57  54  47  49  55  55  53  45
  78  65  67  65  57  57  57  57  63  66  65  65  63  53  58  62  62  59  55  61  59  56  56  57  57  54  58  58  54  54
  80  67  71  64  60  60  59  60  61  69  67  67  62  54  56  61  61  60  56  64  58  58  58  59  62  58  60  60  54  55
  81  70  71  63  65  65  65  69  61  68  67  67  70  63  60  63  63  63  60  62  59  63  63  58  62  61  60  60  53  48
  81  71  70  62  67  67  68  74  60  67  62  62  73  66  59  64  64  64  63  61  60  65  65  58  62  62  60  60  52  45
  82  71  70  61  66  66  68  73  59  66  62  62  73  66  59  64  64  63  63  62  59  64  64  58  62  62  60  60  52  45
  78  71  73  65  68  68  69  74  65  69  65  65  73  66  64  63  63  65  60  59  61  66  66  57  62  60  59  59  52  47
  70  72  79  73  74  74  71  78  77  74  66  66  74  69  69  62  62  68  54  53  66  71  71  56  62  55  58  58  53  53
  60  65  75  72  72  72  74  77  79  75  68  68  76  68  67  60  60  67  55  54  66  69  69  57  63  54  60  60  56  61
  50  49  62  63  62  62  77  74  71  73  72  72  77  65  59  58  58  60  63  64  62  59  59  58  65  57  64  64  62  72
  50  46  58  57  57  57  71  68  63  66  71  71  72  61  55  56  56  58  63  64  60  56  56  62  65  61  67  67  64  73
  60  57  62  57  55  55  55  60  54  60  68  68  61  56  54  56  56  60  56  53  61  62  62  66  65  66  68  68  62  65
  60  58  59  55  54  54  48  56  51  57  62  62  55  51  56  57  57  58  54  49  63  65  65  67  64  67  68  68  61  63
  50  50  49  51  52  52  48  56  53  56  56  56  55  46  60  57  57  52  57  52  64  65  65  65  62  62  68  68  63  66
  45  47  45  50  50  50  49  56  55  56  52  52  54  43  62  57  57  49  58  53  65  66  66  64  61  60  68  68  64  67
  46  47  46  50  51  51  49  56  55  56  53  53  54  44  62  57  57  49  58  53  65  66  66  64  61  61  68  68  63  67
  46  48  46  50  51  51  49  56  54  56  53  53  54  44  61  57  57  49  58  53  65  65  65  64  61  61  68  68  63  67