NDVI-LO Matrices/GreenMatrix8.asc
ncols		30
nrows		30
xllcorner    -27000.000000000000
yllcorner    2099760.000000000000
cellsize	10000
NODATA_value	-9999
    0    0    0    0    0    0    0    0    0    0    0    0    0    0    0    0    0    0    0    0    0    0    0    0    0    0    0    0    0    0
    0    0    0    0    0    0    0    0    0    0    0    0    0    0    0    0    0    0    0    0    0    0    0    0    0    0    0    0    0    0
    0    0    0    0    0    0    0    0    0    0    0    0    0    0    0    0    0    0    0    0    0    0    0    0    0    0    0    0    0    0
    0   46  216    5    7    6   24    1    2    4    4    3    2    3    4    1    0    0    0    0    0    0    0    0    0    0    0    0    0    0
    0   43  218    8    5    6   21    2    1    1    2    1    1    2    2    6    0    0    0    0    0    0    0    0    0    0    0    0    0    0
    0   43  214    7    5    5   24    4    2    6    2    1    2    1    3    2    0    0    0    0    0    0    0    0    0    0    0    0    0    0
    0   38  218    6    4    5   20    2    4    1    0    2    1    4    3    3    0    0    0    0    0    0    0    0    0    0    0    0    0    0
  225  145  215  209  224  224  121    6  171   44  106  111    1    4   10    0    0    0    0    0    0    0    0    0    0    0    0    0    0    0
  225  200  221  224  232  230  141    6  176   41  112  111    4    4    0    3    1    2    1    3    1    2    1    3    1    3    1    3    4    3
  222  222  222  226  235  231  177  209  192  101  143  144  211  216   68  211  213  235  206  221   15    2    2    1    2    2    3    0    2    1
  222  227  233  228  230  233  206  226  221  189  204  206  220  220   60  207  211  232  207  217   13    1    2    2    5    0    9    2    6    0
  217  224  233  220  231  227  226  225  228  236  235  236  216  221  114  212  214  226  204  223  179  220  217  217   17   48  220  221  222   76
  215  223  229  217  221  215  213  223  220  229  228  228  213  225  200  213  211  218  216  214  209  215  214  217   17   46  217  222  221   73
  213  217  223  212  211  219  220  220  211  231  221  221  215  214  236  209  212  210  216  218  218  218  216  212   99   92  220  220  226  111
  205  216  213  210  225  219  215  218  212  215  212  213  220  214  215  206  204  208  218  213  222  216  214  208  184  185  214  215  211  192
  200  209  197  204  216  218  213  209  210  213  212  211  214  214  204  202  205  207  218  211  219  209  212  204  221  225  215  215  213  228
  195  197  192  210  209  209  209  206  211  219  209  209  205  214  219  209  211  207  212  214  209  209  209  206  210  213  214  217  209  219
  189  191  189  209  206  204  205  203  210  221  208  207  203  215  224  212  212  208  210  212  206  208  207  205  202  210  214  215  204  215
  190  191  190  212  209  207  207  205  211  223  208  208  201  217  226  213  213  208  210  214  206  208  208  206  201  210  217  216  205  216
  191  192  189  203  200  200  202  201  207  216  206  205  197  211  217  210  211  203  207  214  206  204  204  205  204  208  214  214  205  213
  186  188  183  186  182  182  188  188  195  199  197  196  188  199  201  204  205  194  198  207  200  196  196  199  208  206  210  211  205  210
  185  187  180  179  176  177  182  180  185  185  188  187  181  189  190  200  200  190  194  198  192  189  190  193  207  201  205  206  207  203
  188  187  180  181  182  183  182  178  181  180  180  179  177  180  184  196  196  191  193  188  185  187  187  188  200  192  197  197  205  191
  190  187  182  185  187  186  182  179  180  178  174  173  173  173  179  188  189  188  187  177  177  185  185  182  195  190  196  192  203  186
  189  195  192  184  182  182  179  190  189  185  173  172  173  173  172  175  176  176  170  175  179  186  187  169  186  200  197  197  188  184
  188  193  191  187  184  185  182  186  191  185  173  174  173  173  173  178  179  174  168  175  180  181  182  173  190  199  193  193  187  183
  191  187  184  191  189  190  186  177  188  183  174  175  175  178  182  188  189  180  173  182  183  176  176  179  195  198  189  190  188  182
  191  184  179  193  191  192  189  171  185  181  175  176  174  180  185  194  196  185  177  186  186  174  173  184  198  196  186  188  190  181
  188  186  180  195  191  191  191  173  184  182  176  176  173  180  183  194  193  184  176  185  185  174  172  185  198  195  186  188  191  180
  189  186  181  195  190  190  191  174  185  182  176  176  173  180  182  194  192  184  176  184  184  174  172  183  197  195  187  188  192  180