NDVI-LO Matrices/GreenMatrix4.asc
ncols		30
nrows		30
xllcorner    -27000.000000000000
yllcorner    2099760.000000000000
cellsize	10000
NODATA_value	-9999
    0    0    0    0    0    0    0    0    0    0    0    0    0    0    0    0    0    0    0    0    0    0    0    0    0    0    0    0    0    0
    0    0    0    0    0    0    0    0    0    0    0    0    0    0    0    0    0    0    0    0    0    0    0    0    0    0    0    0    0    0
    0    0    0    0    0    0    0    0    0    0    0    0    0    0    0    0    0    0    0    0    0    0    0    0    0    0    0    0    0    0
    0   18   55   26   21   21   22    0    0    0    0    0    0    0    0    0    0    0    0    0    0    0    0    0    0    0    0    0    0    0
    0   18   55   26   21   21   22    0    0    0    0    0    0    0    0    0    0    0    0    0    0    0    0    0    0    0    0    0    0    0
    0   18   55   26   21   21   22    0    0    0    0    0    0    0    0    0    0    0    0    0    0    0    0    0    0    0    0    0    0    0
    0   18   53   24   20   20   22    0    0    0    0    0    0    0    0    0    0    0    0    0    0    0    0    0    0    0    0    0    0    0
   43   31   63   48   34   34   23   20   30   13   16   16    0    0    0    0    0    0    0    0    0    0    0    0    0    0    0    0    0    0
   43   32   85   68   44   44   19   21   31   13   18   18    0    0    0    0    0    0    0    0    0    0    0    0    0    0    0    0    0    0
   41   37   86   70   46   46   56   32   50   53   39   39   76   81   16   29   29   81   78   80   15    0    0    0    0    0    0    0    0    0
   28   45   65   52   40   40   66   48   69   64   70   70   77   81   18   31   31   80   78   79   16    0    0    0    0    0    0    0    0    0
   53   56   51   52   41   41   84   65   81   69   81   81   88   75   38   46   46   79   72   66   47   56   56   56   19   26   43   43   52   26
   71   70   43   70   47   47  102   80   85   66   70   70  113   64   82   80   80   76   59   38   80   59   59   59   20   27   45   45   53   28
   95   80   66   93   72   72   91   79   95   81   91   91  117   71  101  105  105   92   53   59   87   83   83   90   66   86   59   59   74   80
  121   86  118  121  117  117   50   64  113  114  121  121   98   98   93  121  121  129   57  114   64  135  135  143   96  104   88   88  114  112
  155  120  159  126  136  136   62   91  132  143  144  144  119  116   99  135  135  157   74  147   78  158  158  174  126  123  104  104  131  120
  196  182  187  106  129  129  127  160  155  168  158  158  180  125  119  149  149  176  103  156  127  149  149  181  155  144  105  105  121   99
  215  210  199   94  124  124  155  191  164  180  163  163  208  128  127  156  156  185  115  159  149  143  143  183  168  154  103  103  115   86
  211  205  196   91  120  120  147  184  160  176  160  160  203  125  121  155  155  182  108  156  143  140  140  181  166  151  101  101  113   83
  211  207  200  120  142  142  160  191  170  182  171  171  202  138  143  151  151  188  132  167  155  159  159  188  166  154  114  114  126  111
  215  216  213  181  188  188  193  211  194  197  197  197  206  168  192  142  142  204  186  192  185  199  199  206  170  161  145  145  153  169
  201  205  210  205  206  206  211  217  207  212  212  212  213  188  214  156  156  212  214  206  206  222  222  216  179  179  174  174  176  203
  169  175  193  192  197  197  213  211  209  228  215  215  224  197  209  192  192  212  215  210  216  226  226  219  193  209  202  202  193  213
  161  171  193  185  192  192  209  205  207  220  209  209  220  208  212  206  206  215  216  211  224  230  230  221  208  219  215  215  203  218
  176  195  210  185  194  194  197  198  201  188  194  194  203  221  223  198  198  221  217  210  229  233  233  223  225  209  215  215  203  219
  194  209  214  193  200  200  198  195  199  183  197  197  203  228  227  204  204  226  220  211  230  233  233  222  229  212  217  217  211  219
  215  212  204  208  209  209  210  196  203  203  217  217  222  228  224  224  224  232  224  213  228  228  228  217  221  227  222  222  225  217
  224  213  200  215  213  213  215  196  204  213  226  226  230  228  222  233  233  235  225  214  227  226  226  215  218  234  225  225  231  215
  222  213  200  213  212  212  214  196  204  212  225  225  229  228  222  232  232  235  225  214  227  226  226  215  219  233  224  224  231  216
  221  213  201  213  212  212  214  196  204  211  224  224  229  228  222  231  231  234  225  214  227  226  226  215  219  233  224  224  230  216