NDVI-LO Matrices/GreenMatrix9.asc
ncols		30
nrows		30
xllcorner    -27000.000000000000
yllcorner    2099760.000000000000
cellsize	10000
NODATA_value	-9999
    0    0    0    0    0    0    0    0    0    0    0    0    0    0    0    0    0    0    0    0    0    0    0    0    0    0    0    0    0    0
    0    0    0    0    0    0    0    0    0    0    0    0    0    0    0    0    0    0    0    0    0    0    0    0    0    0    0    0    0    0
    0    0    0    0    0    0    0    0    0    0    0    0    0    0    0    0    0    0    0    0    0    0    0    0    0    0    0    0    0    0
    0   73  207   20   13   13   10    0    0    0    0    0    0    0    0    0    0    0    0    0    0    0    0    0    0    0    0    0    0    0
    0   73  207   20   13   13   10    0    0    0    0    0    0    0    0    0    0    0    0    0    0    0    0    0    0    0    0    0    0    0
    0   70  207   18   12   12    9    0    0    0    0    0    0    0    0    0    0    0    0    0    0    0    0    0    0    0    0    0    0    0
    0   65  207   15   10   10    7    0    0    0    0    0    0    0    0    0    0    0    0    0    0    0    0    0    0    0    0    0    0    0
  205  101  207  157  181  181  116    1  202   45  140  140    0    0    0    0    0    0    0    0    0    0    0    0    0    0    0    0    0    0
  205  181  210  195  211  211  144    2  203   49  142  142    0    0    0    0    0    0    0    0    0    0    0    0    0    0    0    0    0    0
  208  219  215  215  225  225  174  225  210  107  163  163  216  218   43  222  222  218  209  211    7    0    0    0    0    0    0    0    0    0
  214  218  222  216  226  226  209  231  225  196  207  207  216  218   46  222  222  218  209  212    7    0    0    0    0    0    0    0    0    0
  218  219  223  215  222  222  226  231  230  241  230  230  216  217  124  221  221  217  207  214  195  226  226  224   12   38  226  226  216   84
  220  224  217  210  213  213  223  221  223  235  230  230  216  216  197  219  219  214  204  219  210  225  225  223   14   42  226  226  216   87
  214  221  209  204  210  210  218  214  219  229  227  227  219  218  231  216  216  213  209  219  218  222  222  219  133   87  221  221  216  118
  200  209  201  197  213  213  211  209  216  223  221  221  224  222  220  212  212  215  222  216  220  215  215  211  189  180  210  210  216  182
  192  199  194  196  211  211  206  204  212  219  215  215  220  221  217  209  209  214  225  212  217  210  210  206  215  225  208  208  213  216
  189  191  188  202  204  204  201  201  205  218  208  208  205  216  220  209  209  208  216  209  209  206  206  204  207  215  216  216  207  214
  188  188  185  205  201  201  200  200  203  218  205  205  199  214  222  208  208  207  213  208  205  204  204  203  203  211  219  219  205  214
  189  189  186  206  202  202  201  201  204  220  206  206  201  215  224  208  208  208  214  208  206  205  205  204  203  211  219  219  205  214
  185  188  186  199  196  196  197  196  200  213  202  202  196  212  215  208  208  203  210  207  206  202  202  202  207  209  216  216  206  212
  177  184  183  184  182  182  189  185  192  196  192  192  185  205  198  206  206  193  199  204  205  196  196  200  215  203  211  211  206  208
  176  181  180  178  178  178  184  179  185  183  184  184  176  194  188  200  200  188  191  196  196  189  189  194  213  196  203  203  205  200
  181  179  177  180  184  184  182  178  178  175  176  176  171  179  184  188  188  187  184  182  182  182  182  185  200  188  191  191  202  186
  185  180  177  183  184  184  179  181  179  174  172  172  171  173  180  178  178  181  180  176  175  180  180  176  190  188  189  189  195  182
  185  182  181  185  180  180  174  188  186  181  172  172  175  176  175  170  170  172  177  176  177  181  181  166  184  196  195  195  186  187
  184  182  182  185  181  181  177  186  189  182  172  172  175  179  173  170  170  172  175  176  177  178  178  166  184  196  195  195  183  185
  182  180  180  184  189  189  188  174  187  176  174  174  171  180  174  178  178  179  173  176  177  171  171  176  190  189  186  186  185  179
  181  179  178  183  193  193  192  168  185  174  174  174  169  181  174  182  182  183  172  175  177  167  167  181  193  186  182  182  186  176
  181  180  179  184  192  192  191  169  186  174  174  174  170  180  174  181  181  182  172  176  177  168  168  180  192  187  183  183  186  176
  181  180  178  184  192  192  191  169  186  174  174  174  170  180  174  181  181  182  172  176  177  168  168  179  192  187  183  183  186  176