data/patches/PatchWetness.asc
NCOLS 129
NROWS 129
XLLCORNER -27000
YLLCORNER 2099760
CELLSIZE 2195.348837
NODATA_VALUE NaN
[rows 72 to 95 of 129, columns 0 to 52 of 129]
0.219890836 0.0845733984 0.2279804654 0.086779661 0.2316575697 0.0566274059 0.1235507038 0.6192243608 0.2000344729 0.4081585751 0.209594944 0.3250560184 0.367710428 0.2088595231 0.2051824188 0.0566274059 0.2073886814 0.3618270612 0.4993507613 0.3691812698 0.1801781097 0.1081068658 0.0235334674 0.2522493536 0.2941683424 0.0941338696 0.1375237001 0.0617753519 0.117667337 0.225038782 0.597897156 0.362562482 0.3449123815 0.0985463947 0.3177018098 0.4213961505 0.0073542086 0.1338465958 0.1213444413 0.1595863258 0.2625452456 0.1860614766 0.1220798621 0.1353174375 0.0742775065 0 0.2993162884 0.1382591209 0.5728928469 0.0213272048 0.3699166906 0.0433898305 0.3000517093
0.1669405343 0.0375064637 0.0191209423 0.1507612755 0.0978109739 0.1456133295 0.521413387 0.5118529158 0.1897385809 0.5317092789 0.8376443551 0.4714047687 0.414041942 0.2897558173 0.4883194484 0.1331111749 0.0088250503 0.4155127837 0.7780752657 0.3566791152 0.2794599253 0.3463832232 0.4015397874 0.0411835679 0.3912438954 0.5523010629 0.3684458489 0.1904740017 0.010295892 0.1750301637 0.4081585751 0.1904740017 0.1463487504 0.0382418845 0.2103303648 0.0478023556 0.010295892 0.0794254525 0.0728066648 0.1698822178 0.2544556162 0.0676587188 0.2529847745 0.1456133295 0.1161964953 0.1184027578 0.5346509624 0.2471014076 0.2243033611 0.0772191899 0.0022062626 0.3309393852 0.419189888
0.1485550129 0.1110485493 0.0066187877 0.296374605 0.0632461936 0.1853260557 0.1088422867 0.2235679402 0.2265096237 0.2640160873 0.9023613904 0.0808962942 0.0345647802 0.5714220052 0.2015053146 0.2272450445 0.1573800632 0.291226659 0.199299052 0.3022579718 0.4456650388 0.7420396438 0.1309049124 0.1117839701 0.1691467969 0.0441252514 0.1448779086 0.168411376 0.0750129273 0.2919620799 0.3140247055 0.1044297616 0.2051824188 0.2801953462 0.2176845734 0.3074059178 0.0772191899 0.0227980465 0.1081068658 0.2243033611 0.0845733984 0.0330939385 0.2000344729 0.2073886814 0.1184027578 0.0772191899 0.0683941396 0.0139729963 0.2478368285 0.4265440965 0.005147946 0.2507785119 0.3110830221
0.2265096237 0.2698994542 0.1184027578 0.3096121804 0.2323929905 0.1331111749 0.4890548693 0.3279977018 0.4147773628 0.3515311692 0.2404826199 0.1860614766 0.3537374318 0.2949037633 0.3684458489 0.5397989084 0.5170008618 0.2794599253 0.424337834 0.3331456478 0.3338810687 0.2772536627 0.2118012065 0.0963401321 0.1625280092 0.0022062626 0.1404653835 0.0323585177 0.1544383798 0.3213789141 0.3427061189 0.3794771617 0.3162309681 0.56700948 0.0897213444 0.500821603 0.0720712439 0.122815283 0.1662051135 0.3669750072 0.0536857225 0.0455960931 0.020591784 0.0455960931 0.1867968974 0.2015053146 0.1662051135 0.0338293594 0.0485377765 0.3522665901 0.030887676 0.0022062626 0.0801608733
0.1816489515 0.1970927894 0.0213272048 0.0632461936 0.1478195921 0.3074059178 0.3684458489 0.0551565642 0.3860959494 0.5096466533 0.1691467969 0.4780235564 0.4228669922 0.1963573686 0.2662223499 0.1139902327 0.1375237001 0.2846078713 0.0566274059 0.1559092215 0.0595690893 0.1882677392 0.3346164895 0.3463832232 0.1647342718 0.1338465958 0.2404826199 0.1139902327 0.1139902327 0.301522551 0.1507612755 0.4986153404 0.16326343 0.0941338696 0.2154783108 0.2684286125 0.1706176386 0.0242688883 0.0580982476 0.1522321172 0.0617753519 0.3927147371 0.265486929 0.2220970985 0.2985808676 0.0588336685 0.0036771043 0 0.0169146797 0.015443838 0.1522321172 0.0448606722 0.0933984487
0.1845906349 0.3081413387 0.0507440391 0.2838724504 0.0397127262 0.0139729963 0.1426716461 0.2743119793 0.2478368285 0.4162482045 0.0647170353 0.1595863258 0.0632461936 0.1250215455 0.3184372307 0.1191381787 0.1147256535 0.0301522551 0.2919620799 0.1044297616 0.1397299627 0.1059006033 0.3103476013 0.2316575697 0.0676587188 0.183855214 0.3302039644 0.091927607 0.1860614766 0.2971100259 0.5243550704 0.2169491525 0.1772364263 0.1286986498 0.015443838 0.0301522551 0.0492731974 0.1610571675 0.1397299627 0.4934673944 0.2434243034 0.3029933927 0.097075553 0.4133065211 0.3713875323 0.6287848319 0.3346164895 0.1014880781 0.081631715 0.1801781097 0.1360528584 0.0455960931 0.1110485493
0.0757483482 0.0066187877 0.1728239012 0.1588509049 0.1470841712 0.0544211433 0 0.0985463947 0.0294168342 0.0595690893 0.02573973 0.0044125251 0.1750301637 0.2235679402 0.0117667337 0.2375409365 0.0264751508 0.1154610744 0.2904912381 0.204446998 0.3022579718 0.219890836 0.1316403332 0.010295892 0.0088250503 0.0617753519 0.2471014076 0.0367710428 0.1375237001 0.173559322 0.3110830221 0.2037115771 0.3581499569 0.1081068658 0.0455960931 0.0595690893 0.0294168342 0.0558919851 0.066187877 0.4486067222 0.2853432922 0.1066360241 0.2949037633 0.1250215455 0.0191209423 0.0750129273 0.0904567653 0.0463315139 0.1000172364 0.225038782 0.1434070669 0.0500086182 0.1088422867
0.1184027578 0.0404481471 0.086779661 0.1772364263 0.1595863258 0.0786900316 0.0823671359 0.0698649813 0.0897213444 0.1926802643 0.2000344729 0.2941683424 0.0242688883 0.0316230968 0.1860614766 0.1617925883 0.2397471991 0.0588336685 0.2765182419 0.291226659 0.3265268601 0.2787245045 0.1492904338 0.1184027578 0.0132375754 0.0235334674 0.0014708417 0.0779546107 0.0110313128 0.0683941396 0.0676587188 0.0375064637 0.0507440391 0.0529503016 0.0691295605 0.0735420856 0.1301694915 0.0227980465 0.097075553 0.0169146797 0.1970927894 0.1698822178 0.0419189888 0.076483769 0.0911921862 0.0786900316 0.327262281 0.1470841712 0.030887676 0.0911921862 0.0272105717 0.4206607297 0.0235334674
0.0485377765 0.1978282103 0.0698649813 0.0161792588 0.0411835679 0.3368227521 0.1463487504 0.1213444413 0.1147256535 0.0492731974 0.066187877 0.1544383798 0.02573973 0.0044125251 0.0580982476 0.0911921862 0.0544211433 0.0338293594 0.0242688883 0.0125021546 0.0404481471 0.0029416834 0.0169146797 0.0029416834 0.0007354209 0.0264751508 0.0544211433 0.02573973 0.0066187877 0.0176501005 0.1492904338 0.0382418845 0.0058833668 0.0720712439 0.0242688883 0.010295892 0.0573628268 0.0632461936 0.0169146797 0.1816489515 0.2588681413 0.0514794599 0.0720712439 0.0500086182 0.1720884803 0.0470669348 0.4691985062 0.1934156851 0.0213272048 0.2794599253 0.1088422867 0.1794426889 0.1522321172
0.2309221488 0.2853432922 0.1044297616 0.1117839701 0.1184027578 0.1831197932 0.2257742028 0.0338293594 0.296374605 0.1573800632 0.1904740017 0.015443838 0.0823671359 0.0610399311 0.3235851767 0.0551565642 0.0058833668 0.1434070669 0.2184199943 0.076483769 0.0823671359 0.0220626257 0.0404481471 0.0478023556 0.2412180408 0.4052168917 0.2169491525 0.2375409365 0.0301522551 0.112519391 0.1338465958 0.0801608733 0.0558919851 0.1088422867 0.0220626257 0.1566446423 0.1956219477 0.1184027578 0.1117839701 0.0433898305 0.2868141339 0.0566274059 0.183855214 0.0603045102 0.0529503016 0.0029416834 0.010295892 0.1956219477 0.0286814134 0.1184027578 0.1250215455 0.1029589199 0.0698649813
0.0632461936 0.0860442402 0.0470669348 0.0382418845 0.0808962942 0.0117667337 0.0617753519 0.0073542086 0.3699166906 0.2154783108 0.0544211433 0.0933984487 0.0507440391 0.0294168342 0.1434070669 0.0198563631 0.1286986498 0.2184199943 0.0625107728 0.081631715 0.0941338696 0.3162309681 0.4824360816 0.1051651824 0.127963229 0.2676931916 0.1220798621 0.0191209423 0.0242688883 0.071335823 0.1662051135 0.2897558173 0.4309566217 0.1331111749 0.0728066648 0.005147946 0.0088250503 0.0279459925 0.0036771043 0.0992818156 0.1728239012 0.0779546107 0.1478195921 0.1669405343 0.0992818156 0.4103648377 0.1206090204 0.1912094226 0.0911921862 0.1367882792 0.2029761563 0.1485550129 0.122815283
0.1198735995 0.0904567653 0.0316230968 0.2779890836 0.5383280666 0.0845733984 0.1007526573 0.0603045102 0.0676587188 0.0911921862 0.0838379776 0.0779546107 0.0911921862 0.0757483482 0.1066360241 0.2581327205 0.1095777076 0.0617753519 0.0095604711 0.1963573686 0.2846078713 0.6537891411 0.4758172939 0.0595690893 0.1463487504 0.102223499 0.127963229 0.1507612755 0.1720884803 0.1801781097 0.6192243608 0.9258948578 0.3603562195 0.1448779086 0.117667337 0.1029589199 0.2647515082 0.1522321172 0.0191209423 0.0558919851 0.1853260557 0.1500258546 0.0860442402 0.2088595231 0.4434587762 0.0360356219 0.1639988509 0.1286986498 0.367710428 0.2382763574 0.0728066648 0.1551738006 0.3868313703
0.0735420856 0.112519391 0.2213616777 0.1345820167 0.1235507038 0.0492731974 0.2610744039 0.1088422867 0.1117839701 0.0963401321 0.0639816145 0.015443838 0.0522148808 0.0845733984 0.010295892 0.0669232979 0.0316230968 0.5655386383 0.076483769 0.097075553 0.1191381787 0.664085033 0.4258086757 0.1117839701 0.7082102844 0.0978109739 0.3860959494 0.1389945418 0.2132720483 0.1492904338 0.7199770181 0.3324102269 0.0367710428 0.0367710428 0.1353174375 0.2551910371 0.1081068658 0.2353346739 0.0882505027 0.1382591209 0.1169319161 0.2059178397 0.0823671359 0.1139902327 0.2404826199 0 0.2066532606 0.1316403332 0.0911921862 0.0853088193 0.0353002011 0.0389773054 0.1831197932
0.3257914392 0.2176845734 0.0286814134 0.1507612755 0.1912094226 0.0573628268 0.0786900316 0.122815283 0.2838724504 0.0691295605 0.1434070669 0.0455960931 0.0536857225 0.1382591209 0.0316230968 0.1044297616 0.0595690893 0.0573628268 0.0139729963 0.2640160873 0.168411376 0.1816489515 0.3191726515 0.3544728526 0.0948692904 0.0463315139 0.3154955473 0.1397299627 0.1662051135 0.1426716461 0.2721057167 0.1919448434 0.2956391841 0.0330939385 0.3691812698 0.1463487504 0.1353174375 0.081631715 0.0558919851 0.1662051135 0.178707268 0.0110313128 0.0014708417 0.0132375754 0.1331111749 0.0022062626 0.0500086182 0.1257569664 0.4155127837 0.1066360241 0.0470669348 0.0147084171 0.178707268
0.4978799196 0.2772536627 0.0448606722 0.2500430911 0.1066360241 0.1669405343 0.1419362252 0.194151106 0.3618270612 0.1404653835 0.2118012065 0.301522551 0.1169319161 0.0610399311 0.1500258546 0.2713702959 0.3794771617 0.0058833668 0.2081241023 0.1625280092 0.0044125251 0.2875495547 0.1912094226 0.3059350761 0.0455960931 0.0941338696 0.0691295605 0.0698649813 0.280930767 0.2426888825 0.3059350761 0.2493076702 0.2073886814 0.0911921862 0.230186728 0.2478368285 0.0007354209 0.1750301637 0.1154610744 0.1014880781 0.1161964953 0.1389945418 0.0117667337 0.0213272048 0.1213444413 0.0066187877 0.0382418845 0.0088250503 0.0676587188 0.2772536627 0.0191209423 0.1110485493 0.1522321172
0.5309738581 0.2559264579 0.1919448434 0.2647515082 0.066187877 0.322114335 0.3184372307 0.1639988509 0.1801781097 0.0823671359 0.0735420856 0.0948692904 0.1478195921 0.0419189888 0.2485722494 0.0294168342 0.7310083309 0.173559322 0.1970927894 0.0147084171 0.0683941396 0.091927607 0.3346164895 0.4074231543 0.112519391 0.0478023556 0.2162137317 0.076483769 0.2272450445 0.37800632 0.2743119793 0.0022062626 0.0220626257 0.0036771043 0.1367882792 0.0264751508 0.0426544097 0.3302039644 0.0125021546 0.020591784 0.086779661 0.0875150819 0.0485377765 0.0132375754 0.0911921862 0.0507440391 0.2345992531 0.0492731974 0.0264751508 0.0397127262 0.0588336685 0.1198735995 0.0022062626
0.0323585177 0.1404653835 0.081631715 0.0794254525 0.091927607 0.178707268 0.3758000575 0.0353002011 0.2206262568 0.0897213444 0.1948865269 0.3257914392 0.270634875 0.0536857225 0.0728066648 0.1184027578 0.0485377765 0.0985463947 0.0757483482 0.2382763574 0.1397299627 0.1331111749 0.0639816145 0.0779546107 0.1088422867 0.1544383798 0.1088422867 0.1537029589 0.4228669922 0.4338983051 0.1316403332 0.1662051135 0.1059006033 0.1978282103 0.1272278081 0.424337834 0.0573628268 0.0029416834 0.0036771043 0.010295892 0.0706004022 0.0603045102 0.1036943407 0.0375064637 0.0227980465 0.0500086182 0.005147946 0.0220626257 0.0235334674 0.0691295605 0.1647342718 0.0250043091 0.0095604711
0.0728066648 0.2375409365 0.0588336685 0.0433898305 0.1081068658 0.0397127262 0.5331801207 0.2066532606 0.1294340707 0.2471014076 0.4044814708 0.3088767596 0.0647170353 0.0338293594 0.0125021546 0.0933984487 0.1000172364 0.0588336685 0.0323585177 0.0485377765 0.0125021546 0.0058833668 0.0139729963 0.1867968974 0.1551738006 0.0647170353 0.2978454467 0.511117495 0.0911921862 0.1720884803 0.1345820167 0.0132375754 0.0132375754 0.005147946 0.0044125251 0.1470841712 0.0139729963 0.0036771043 0.0235334674 0.0029416834 0.0095604711 0.0147084171 0.0080896294 0.0132375754 0.0198563631 0.0080896294 0.0198563631 0.091927607 0.0492731974 0.0632461936 0.0536857225 0.0794254525 0.0419189888
0.0404481471 0.0007354209 0.1132548118 0.0235334674 0.0183855214 0.3162309681 0.1809135306 0.3456478024 0.2684286125 0.1728239012 0.204446998 0.2000344729 0.102223499 0.0507440391 0.1382591209 0.0551565642 0.0455960931 0.0448606722 0.0698649813 0.0544211433 0.0014708417 0.1588509049 0.0139729963 0.1095777076 0.1294340707 0.0669232979 0.1544383798 0.0389773054 0.0029416834 0.1514966964 0.015443838 0.0022062626 0.0117667337 0.005147946 0.0220626257 0.0110313128 0.0036771043 0.015443838 0.0161792588 0.0301522551 0.0110313128 0.0088250503 0.010295892 0.0492731974 0.0213272048 0.0617753519 0.1853260557 0.2118012065 0.0485377765 0.0132375754 0.0375064637 0.005147946 0.0058833668
0.0353002011 0.0706004022 0.0183855214 0.0426544097 0.0066187877 0.2632806665 0.2772536627 0.1360528584 0.1845906349 0.1779718472 0.1676759552 0.2493076702 0.0176501005 0.1404653835 0.0831025567 0.0544211433 0.1250215455 0.005147946 0 0.0463315139 0.1110485493 0.0897213444 0.1191381787 0.0132375754 0.0845733984 0.1779718472 0.010295892 0.0889859236 0.0095604711 0.183855214 0.0220626257 0.0058833668 0.0125021546 0.0242688883 0.0404481471 0.0161792588 0.0147084171 0.0125021546 0.0125021546 0.0831025567 0.0963401321 0.0419189888 0.0220626257 0.091927607 0.0588336685 0.0580982476 0.0066187877 0.0323585177 0.0397127262 0.0117667337 0.0330939385 0.015443838 0.0301522551
0.0044125251 0.0595690893 0.0338293594 0.0404481471 0.0397127262 0.0808962942 0.1110485493 0.0779546107 0.0264751508 0.0022062626 0.1367882792 0.2265096237 0.0603045102 0.081631715 0.0323585177 0.0029416834 0.030887676 0.0007354209 0.0242688883 0.1669405343 0.1772364263 0.0566274059 0.21474289 0.0110313128 0.0382418845 0.18900316 0.0132375754 0 0.0301522551 0.1147256535 0.0191209423 0.015443838 0.0191209423 0.0551565642 0.0250043091 0.0066187877 0.1000172364 0.0529503016 0.0323585177 0.0382418845 0.1419362252 0.005147946 0.0632461936 0.0088250503 0.0426544097 0.071335823 0.0286814134 0.086779661 0.0772191899 0.0022062626 0.0360356219 0.0323585177 0.0176501005
0.005147946 0.0036771043 0.010295892 0.0014708417 0.0404481471 0.0007354209 0.0750129273 0.0911921862 0.0279459925 0.0036771043 0.0522148808 0.0455960931 0.0088250503 0.0279459925 0.0169146797 0.0110313128 0.0470669348 0.0279459925 0.0419189888 0.0485377765 0.1338465958 0.0088250503 0.0036771043 0.0198563631 0.0279459925 0.0272105717 0.0007354209 0.0169146797 0.0448606722 0.0411835679 0.0139729963 0.005147946 0.0860442402 0.0301522551 0.0095604711 0.0080896294 0.0478023556 0.0316230968 0.0250043091 0.0360356219 0.0492731974 0.0345647802 0.0139729963 0.0338293594 0.0286814134 0.0610399311 0.0117667337 0.0191209423 0.0470669348 0.0286814134 0.0213272048 0.0375064637 0.015443838
0.0566274059 0.0066187877 0.0080896294 0.0022062626 0.0382418845 0.0014708417 0.0500086182 0.0022062626 0.010295892 0.0095604711 0.0367710428 0.0242688883 0.005147946 0.0353002011 0.0139729963 0.0044125251 0.0147084171 0.0294168342 0.0058833668 0.1286986498 0.0088250503 0.0360356219 0.005147946 0.0500086182 0.0073542086 0.0566274059 0.0029416834 0.0522148808 0.0404481471 0.0323585177 0.1242861247 0.0323585177 0.0779546107 0.0036771043 0.0147084171 0.0382418845 0.0610399311 0.0875150819 0.0551565642 0.0213272048 0.0632461936 0.0588336685 0.0345647802 0.0323585177 0.0375064637 0.0235334674 0.0470669348 0.0551565642 0.0404481471 0.0147084171 0.0279459925 0.0264751508 0.0323585177
0.0345647802 0.0558919851 0.0345647802 0.0367710428 0.0720712439 0.0176501005 0.0272105717 0.0654524562 0.091927607 0.0397127262 0.0242688883 0.0088250503 0.0235334674 0.0227980465 0.0279459925 0.0139729963 0.030887676 0.0191209423 0.0448606722 0.1463487504 0.0117667337 0.030887676 0.0514794599 0.0169146797 0.0860442402 0.0551565642 0.0235334674 0.0279459925 0.0404481471 0.0455960931 0.0654524562 0.0544211433 0.0478023556 0.0345647802 0.0426544097 0.0478023556 0.015443838 0.0588336685 0.0389773054 0.0330939385 0.0411835679 0.0345647802 0.0573628268 0.0603045102 0.0742775065 0.0345647802 0.0632461936 0.0875150819 0.0735420856 0.0566274059 0.0786900316 0.0882505027 0.0522148808
