data/patches/PatchWetness.asc
NCOLS 129
NROWS 129
XLLCORNER -27000
YLLCORNER 2099760
CELLSIZE 2195.348837
NODATA_VALUE NaN
[rows 96 to 119 of 129, columns 0 to 52 of 129]
0.0044125251 0.0176501005 0.0683941396 0.0720712439 0.0551565642 0.0066187877 0.0242688883 0.0926630279 0.127963229 0.1331111749 0.0382418845 0.0455960931 0.0404481471 0.0323585177 0.0389773054 0.0080896294 0.0125021546 0.0139729963 0.0588336685 0.0603045102 0.0213272048 0.0514794599 0.0117667337 0.0279459925 0.0110313128 0.0375064637 0.030887676 0.0161792588 0.0382418845 0.0213272048 0.0573628268 0.0610399311 0.122815283 0.0933984487 0.0345647802 0.0139729963 0.1191381787 0.0029416834 0.0286814134 0.0544211433 0.0478023556 0.0375064637 0.0448606722 0.0478023556 0.0286814134 0.0691295605 0.0647170353 0.0242688883 0.0706004022 0.0529503016 0.0492731974 0.1059006033 0.0536857225
0.0272105717 0 0.0183855214 0.0183855214 0.0264751508 0.0058833668 0.020591784 0.0360356219 0 0.0117667337 0.1007526573 0.0220626257 0.005147946 0.0213272048 0.0250043091 0.005147946 0.0044125251 0.020591784 0.0992818156 0.0316230968 0.02573973 0.0500086182 0.0058833668 0.0169146797 0.0463315139 0.0242688883 0.0044125251 0.0029416834 0 0 0.0183855214 0.0080896294 0.0375064637 0.0411835679 0.0088250503 0.0183855214 0.0551565642 0.02573973 0.0073542086 0.0227980465 0.0338293594 0.0036771043 0.0080896294 0.0301522551 0.0272105717 0.0397127262 0.0191209423 0.0176501005 0.0566274059 0.0110313128 0.0125021546 0.0514794599 0.0419189888
0.0007354209 0.010295892 0.0139729963 0.0139729963 0.0066187877 0.2853432922 0.02573973 0.0382418845 0.0183855214 0.010295892 0.0625107728 0.0029416834 0.0139729963 0.0029416834 0.0242688883 0.0183855214 0.0139729963 0.0463315139 0.0022062626 0.0433898305 0.0139729963 0.0080896294 0.0014708417 0.0022062626 0.010295892 0.0007354209 0 0.0022062626 0.005147946 0.0022062626 0.0161792588 0.0294168342 0.0169146797 0.020591784 0.0029416834 0.0176501005 0.015443838 0.0529503016 0.0161792588 0.0242688883 0.0007354209 0.0073542086 0.0058833668 0.0117667337 0.015443838 0.0353002011 0.0235334674 0.020591784 0.0323585177 0.020591784 0.0286814134 0.0095604711 0.0058833668
0.0007354209 0 0.0029416834 0.0007354209 0.0014708417 0.0264751508 0.0132375754 0.0367710428 0.0080896294 0.0580982476 0.0117667337 0.0095604711 0.0007354209 0.0088250503 0.0022062626 0.015443838 0.0058833668 0.0500086182 0.0044125251 0.0500086182 0 0.0213272048 0.0058833668 0.0044125251 0.0007354209 0.0058833668 0.005147946 0 0.0066187877 0.005147946 0.0132375754 0.0058833668 0.0007354209 0.0036771043 0 0.0044125251 0.0139729963 0.0139729963 0.0367710428 0.0242688883 0.0117667337 0.0044125251 0.0036771043 0.0007354209 0.0029416834 0.0147084171 0.0455960931 0.0022062626 0.0125021546 0.0279459925 0.0161792588 0.0029416834 0.0316230968
0.0014708417 0.0058833668 0 0.0007354209 0.0022062626 0.0007354209 0.010295892 0.0213272048 0.0066187877 0.0897213444 0 0.0132375754 0.0044125251 0 0.0014708417 0.0014708417 0.0250043091 0.020591784 0.0022062626 0.0125021546 0.0250043091 0.0029416834 0.010295892 0 0.0014708417 0.0036771043 0.0183855214 0.0132375754 0.0036771043 0.0176501005 0.0264751508 0.0073542086 0.0029416834 0.010295892 0.0044125251 0.0066187877 0.0007354209 0.0066187877 0.0316230968 0.0161792588 0.0036771043 0.0191209423 0.020591784 0.0066187877 0.0044125251 0.0080896294 0.0139729963 0.005147946 0.0080896294 0.1294340707 0.0786900316 0.0617753519 0.0022062626
0.0014708417 0.0066187877 0.0095604711 0.0022062626 0.0007354209 0.005147946 0.0448606722 0.0095604711 0.0022062626 0.0022062626 0.0022062626 0.0014708417 0.0132375754 0.0007354209 0 0.0117667337 0.0507440391 0.020591784 0.0448606722 0.0029416834 0.0007354209 0.0183855214 0.0353002011 0.0139729963 0.0029416834 0.0330939385 0.010295892 0.0213272048 0.0088250503 0.0073542086 0.0772191899 0.0573628268 0.0227980465 0.0191209423 0.0183855214 0.0058833668 0.0125021546 0.0022062626 0.0014708417 0.0198563631 0.0029416834 0.0095604711 0.0213272048 0.0338293594 0.0044125251 0.0007354209 0.0507440391 0.0022062626 0.0610399311 0.0985463947 0.0044125251 0.1051651824 0.1544383798
0.0382418845 0.0353002011 0.0294168342 0.015443838 0.0007354209 0 0.0066187877 0.0742775065 0.0044125251 0.0014708417 0.0029416834 0.0058833668 0.0014708417 0.0044125251 0.0058833668 0 0.0066187877 0 0.0220626257 0.0419189888 0.0066187877 0.0022062626 0.0036771043 0.020591784 0.0036771043 0.0022062626 0.0191209423 0.0492731974 0.0213272048 0.0044125251 0.0529503016 0.0007354209 0.015443838 0.0132375754 0.0220626257 0.0080896294 0.0220626257 0.0095604711 0.0022062626 0.0198563631 0.0095604711 0.0080896294 0.0007354209 0.0235334674 0.0058833668 0.0007354209 0 0 0.0014708417 0.0080896294 0.0294168342 0.0183855214 0.0117667337
0.1139902327 0.0110313128 0.0073542086 0.0117667337 0.0036771043 0.0007354209 0.010295892 0.0147084171 0.0066187877 0 0.010295892 0.0022062626 0.0014708417 0.0125021546 0.0242688883 0.0014708417 0.0029416834 0.0029416834 0.0058833668 0.0044125251 0.0044125251 0.0007354209 0.0147084171 0.0169146797 0.0029416834 0.0007354209 0.0022062626 0.0080896294 0.0250043091 0.0272105717 0.1161964953 0 0.0117667337 0.0191209423 0.0389773054 0.1081068658 0.0227980465 0.0183855214 0.0220626257 0.0095604711 0.0080896294 0.0066187877 0 0.0227980465 0.1654696926 0 0.0183855214 0.0066187877 0.0294168342 0.0198563631 0.020591784 0.0169146797 0.0147084171
0.1897385809 0 0 0.0235334674 0.0058833668 0.0014708417 0.0132375754 0.0080896294 0.0125021546 0 0.010295892 0.0132375754 0.0022062626 0.0183855214 0.0132375754 0.0161792588 0.0088250503 0.005147946 0.0139729963 0.0029416834 0.0147084171 0.02573973 0.2338638322 0.0198563631 0.0044125251 0.0080896294 0.0036771043 0.0022062626 0.005147946 0.0286814134 0.0419189888 0.0566274059 0 0.0014708417 0.0029416834 0.0264751508 0.0022062626 0.0551565642 0.0161792588 0.0235334674 0.0455960931 0.0095604711 0 0.0022062626 0.0080896294 0.0198563631 0.0161792588 0.0470669348 0.020591784 0.0301522551 0.0191209423 0.0242688883 0.0801608733
0.0382418845 0.0073542086 0 0.0264751508 0.0110313128 0.0029416834 0.0036771043 0.0110313128 0.0147084171 0.0014708417 0.0463315139 0.0014708417 0.0044125251 0.0132375754 0.0389773054 0.0375064637 0.0058833668 0.0007354209 0.0338293594 0.0022062626 0 0.0904567653 0.2897558173 0.1103131284 0.0161792588 0.0433898305 0.015443838 0.0014708417 0.0014708417 0.071335823 0.0404481471 0.015443838 0.0272105717 0.0191209423 0.005147946 0.0757483482 0.0147084171 0.010295892 0.0058833668 0.0007354209 0.0316230968 0.0345647802 0.0080896294 0.0125021546 0.005147946 0.071335823 0.0536857225 0.0213272048 0.2801953462 0.030887676 0.0411835679 0.0691295605 0.1184027578
0.0610399311 0.0029416834 0.0514794599 0.1007526573 0.0500086182 0.1044297616 0.0036771043 0.0507440391 0.0536857225 0.0036771043 0.0338293594 0.0088250503 0.0029416834 0.0007354209 0.0198563631 0.0044125251 0.0029416834 0 0.0139729963 0.0117667337 0.0029416834 0.0588336685 0.0654524562 0.071335823 0.0536857225 0.030887676 0.0058833668 0.0213272048 0.0235334674 0.091927607 0.076483769 0.0507440391 0.0220626257 0.0492731974 0.0110313128 0.0176501005 0.0419189888 0.0080896294 0 0.0080896294 0.0279459925 0.0169146797 0.0463315139 0.0110313128 0.0227980465 0.1345820167 0.0669232979 0.0139729963 0.0338293594 0.0580982476 0.0750129273 0.0757483482 0.0176501005
0.0110313128 0.0036771043 0.010295892 0.0095604711 0.010295892 0.015443838 0.015443838 0.0433898305 0.1088422867 0.0831025567 0.0367710428 0.0080896294 0.0007354209 0.0029416834 0.0198563631 0.0441252514 0.0213272048 0.0007354209 0.0022062626 0.0345647802 0.0007354209 0.0007354209 0.0220626257 0.0875150819 0.0411835679 0.0323585177 0.0058833668 0.1081068658 0.0772191899 0.1654696926 0.0360356219 0.02573973 0.0279459925 0.0125021546 0.0139729963 0.0176501005 0.0176501005 0.2338638322 0.1139902327 0.0294168342 0.0132375754 0.0227980465 0.0235334674 0.0272105717 0.1132548118 0.0566274059 0.0632461936 0.1345820167 0.0514794599 0.0963401321 0.0558919851 0.0853088193 0.0845733984
0.0522148808 0.0433898305 0.0507440391 0.0073542086 0.0683941396 0.0183855214 0.0353002011 0.0485377765 0.0176501005 0.1242861247 0.0779546107 0.1323757541 0.0720712439 0.0095604711 0.0632461936 0.0669232979 0.1669405343 0.0595690893 0.0735420856 0.0683941396 0.0014708417 0.0330939385 0.0683941396 0.0617753519 0.0500086182 0.0529503016 0.1191381787 0.0353002011 0.0735420856 0.2368055157 0.0933984487 0.0411835679 0.1323757541 0.1485550129 0.0183855214 0.0654524562 0.1610571675 0.0272105717 0.0478023556 0.0647170353 0.0360356219 0.0463315139 0.0588336685 0.1463487504 0.0529503016 0.0647170353 0.1132548118 0.1103131284 0.0801608733 0.0397127262 0.1434070669 0.0455960931 0.0433898305
0.0198563631 0.0603045102 0.0022062626 0 0.0044125251 0.0330939385 0.0286814134 0.0044125251 0.0735420856 0 0.0029416834 0.168411376 0.0801608733 0.1456133295 0.0301522551 0.005147946 0.0014708417 0.0007354209 0.0014708417 0.0007354209 0.010295892 0 0.0058833668 0.0213272048 0.005147946 0.0110313128 0.0022062626 0 0.0029416834 0.0007354209 0.0235334674 0.0088250503 0.0470669348 0.0294168342 0.0014708417 0.0353002011 0.0367710428 0.0169146797 0.0132375754 0.0227980465 0.0213272048 0.0632461936 0.1154610744 0.3257914392 0.0161792588 0.0198563631 0.0683941396 0.0279459925 0.0397127262 0.0022062626 0.0235334674 0.0235334674 0.1161964953
0.0220626257 0.0470669348 0.0080896294 0.0022062626 0.0014708417 0.030887676 0.0014708417 0.0029416834 0.0147084171 0.0066187877 0.0044125251 0.0227980465 0.030887676 0 0 0 0 0 0 0.0029416834 0.0073542086 0.0058833668 0.0191209423 0.0044125251 0.0161792588 0.1059006033 0.0845733984 0.0161792588 0.0036771043 0.0088250503 0.0897213444 0.0044125251 0.0323585177 0.0066187877 0.0117667337 0.0095604711 0.0360356219 0.0617753519 0.0573628268 0.0375064637 0.02573973 0.0419189888 0.2000344729 0.0632461936 0.020591784 0.0455960931 0.020591784 0.0022062626 0.0014708417 0.0220626257 0.0036771043 0.0022062626 0.0117667337
0.005147946 0.0058833668 0.0183855214 0.0058833668 0.0375064637 0.010295892 0.0022062626 0.0066187877 0.0272105717 0.0036771043 0.0080896294 0.0014708417 0.0161792588 0.0014708417 0 0.0014708417 0.0066187877 0.0198563631 0.0022062626 0.0088250503 0.0058833668 0.0066187877 0.0161792588 0.0213272048 0.0139729963 0.020591784 0.0338293594 0 0.0044125251 0 0.0147084171 0.0117667337 0.0235334674 0.0904567653 0.0426544097 0.0478023556 0.0264751508 0.0500086182 0.02573973 0.0353002011 0.0132375754 0.1007526573 0.0117667337 0.0080896294 0.0066187877 0.0911921862 0.0191209423 0.0073542086 0.0036771043 0.0029416834 0.0007354209 0.0014708417 0.0022062626
0.0007354209 0.0066187877 0.0492731974 0.0169146797 0 0.005147946 0.0029416834 0.0110313128 0.0132375754 0 0.005147946 0 0.0058833668 0.0198563631 0.0198563631 0.0176501005 0.005147946 0 0.0095604711 0.0382418845 0.0132375754 0.0022062626 0.0022062626 0.0080896294 0.0095604711 0.0036771043 0.0014708417 0.0492731974 0.0411835679 0.0036771043 0.0058833668 0.0073542086 0.0242688883 0.0330939385 0.0397127262 0.0353002011 0.0036771043 0.0220626257 0.0573628268 0.0632461936 0.0161792588 0.0580982476 0.0389773054 0.2478368285 0.0250043091 0.0191209423 0.0169146797 0.0441252514 0.0058833668 0.0007354209 0.010295892 0.0029416834 0.0073542086
0.0036771043 0.0014708417 0.0066187877 0.0117667337 0.0058833668 0.0235334674 0.0080896294 0 0.0036771043 0.0014708417 0 0 0.0014708417 0.0007354209 0.0007354209 0.0036771043 0.0036771043 0.0022062626 0.0066187877 0.0110313128 0.0095604711 0.0014708417 0.0036771043 0.0029416834 0.0478023556 0.015443838 0.0507440391 0.0323585177 0.0264751508 0.0080896294 0.0029416834 0.0176501005 0.0007354209 0.0044125251 0 0 0.0183855214 0.0367710428 0.0397127262 0.0117667337 0.02573973 0.0353002011 0.0147084171 0.0029416834 0.0036771043 0.0139729963 0.0029416834 0.0022062626 0.0007354209 0 0.0014708417 0.0073542086 0.0014708417
0 0 0 0.0022062626 0 0.0014708417 0 0 0 0 0.0007354209 0 0.0036771043 0.0036771043 0.0058833668 0.0382418845 0.0213272048 0.0139729963 0.0007354209 0.1235507038 0.0485377765 0.1412008044 0.0220626257 0.0036771043 0 0.0022062626 0.030887676 0.0632461936 0.0022062626 0.0088250503 0.010295892 0 0.0007354209 0.0058833668 0.0125021546 0.0316230968 0.02573973 0.030887676 0.0073542086 0.0213272048 0.0272105717 0.0066187877 0.0353002011 0.0022062626 0.0125021546 0.0250043091 0.0492731974 0.0176501005 0.0147084171 0.0080896294 0.0088250503 0.0066187877 0.0316230968
0.0014708417 0.0014708417 0.0147084171 0.0132375754 0.0014708417 0.010295892 0.0110313128 0.0029416834 0.0066187877 0.0007354209 0.0139729963 0.0007354209 0.0066187877 0.0007354209 0.0095604711 0.0058833668 0.0007354209 0.0345647802 0 0.0507440391 0 0.0058833668 0.005147946 0 0.0007354209 0.0022062626 0.0551565642 0.0095604711 0.0095604711 0.0007354209 0.02573973 0.0095604711 0.0330939385 0.0433898305 0.0419189888 0.015443838 0.015443838 0.005147946 0.0044125251 0.0095604711 0.0073542086 0.0022062626 0 0.0014708417 0.0007354209 0.0022062626 0.0007354209 0.0080896294 0.0176501005 0.005147946 0.0073542086 0.0264751508 0.0007354209
0.0691295605 0.0551565642 0.0389773054 0.0110313128 0.0044125251 0.0227980465 0.0330939385 0.0117667337 0.0132375754 0.0029416834 0.0213272048 0.0007354209 0.0191209423 0.0007354209 0.0007354209 0.0044125251 0.0066187877 0.0044125251 0 0.0007354209 0.0029416834 0.0029416834 0 0.0242688883 0.0007354209 0.0095604711 0.0566274059 0 0 0 0.0110313128 0.0036771043 0.010295892 0.005147946 0.0014708417 0 0 0.005147946 0.0080896294 0.0014708417 0.0022062626 0.0014708417 0.0044125251 0.0058833668 0.0022062626 0.005147946 0.0036771043 0.0014708417 0.0007354209 0.0220626257 0.0044125251 0.0014708417 0
0.0580982476 0.0022062626 0.0808962942 0.0492731974 0.0014708417 0.0220626257 0.015443838 0.0029416834 0.0044125251 0.0095604711 0.0279459925 0.010295892 0.0117667337 0 0.0073542086 0.0073542086 0.0007354209 0 0.0029416834 0.0132375754 0.0066187877 0.0044125251 0.0007354209 0.0294168342 0.0044125251 0.0110313128 0.0279459925 0.0198563631 0 0 0.0014708417 0.0058833668 0.0036771043 0.0183855214 0.0014708417 0.005147946 0.0272105717 0.0485377765 0.0198563631 0.0058833668 0.0441252514 0.0522148808 0.0338293594 0.0375064637 0.015443838 0.0080896294 0.0125021546 0.0029416834 0.0132375754 0.0066187877 0.0647170353 0.0286814134 0.0235334674
0.0169146797 0.02573973 0.0198563631 0.0367710428 0.0492731974 0.005147946 0.0117667337 0.1478195921 0.2323929905 0.0235334674 0.0139729963 0.0250043091 0.0029416834 0.0125021546 0.0132375754 0 0.005147946 0.0080896294 0.0125021546 0.0066187877 0.0058833668 0.0007354209 0.0058833668 0.0066187877 0.0014708417 0.0095604711 0.0066187877 0.0345647802 0.0522148808 0.0382418845 0.0956047113 0.076483769 0.0492731974 0.0404481471 0.0397127262 0.0441252514 0.0007354209 0.0036771043 0.0073542086 0.0250043091 0.0220626257 0.0183855214 0.0485377765 0.0117667337 0.0183855214 0.1412008044 0.0463315139 0.0529503016 0.0147084171 0.010295892 0.2765182419 0.5839241597 0.1029589199
0.0492731974 0.0176501005 0.0382418845 0.0220626257 0.0007354209 0.0117667337 0.0242688883 0.0176501005 0.2243033611 0.2949037633 0.0375064637 0.0007354209 0.010295892 0.0455960931 0.0044125251 0.0022062626 0.0044125251 0.0088250503 0.0073542086 0 0.0007354209 0 0.0007354209 0 0 0 0.0095604711 0.0073542086 0.0338293594 0 0.0058833668 0.0088250503 0.0132375754 0.0360356219 0.020591784 0.0169146797 0.0169146797 0.0029416834 0.0029416834 0.0088250503 0.0066187877 0.0029416834 0.0073542086 0.0014708417 0 0.0036771043 0.005147946 0 0.0022062626 0.0022062626 0.0014708417 0.0698649813 0.0735420856
