data/patches/PatchStreamsBAK.asc
NCOLS 129
NROWS 129
XLLCORNER -27000
YLLCORNER 2099760
CELLSIZE 2195.348837
NODATA_VALUE NaN
[rows 72 to 95 of 129, columns 0 to 54 of 129]
118670.3661354246 136.9124007083 0 777.4749574163 219.8763470782 26.3395699469 0 199.028504933 0 0 190.4593372122 237.6407049498 4.0341748883 356.1420018551 782.7741293532 99.4779863395 56.8445636226 126.3045585631 119.9303550046 24.5228096804 1020.632431065 552.8425668269 424.9284830087 79.4228181128 1202.6538493971 488.5634471709 324.0041689856 578.6079230964 720.4810118897 208.0121426764 42.1904578801 173.4496601737 528.313712792 400.3167349692 102.2635702842 558.755672485 2817.887565562 1963.8418618771 51.5048081626 146.836367316 382.469483093 211.7760485707 72.5685201113 0 339.75489333 883.6984433763 991.6091677207 337.2214453158 0 126.1465418669 0 3220.0193338393 4259.239018467 219.6587503162 11077.8856901931
33104.5185732355 10.3617505692 0 225.7566405262 215.1643410068 65.8489248672 0 138.7723349355 0 81.4848064761 165.9019883633 0 0 1139.6544059364 0 146.848456025 0 62.8336554516 0 552.8425668269 850.5270258875 52.9485454086 116.4867998988 656.5550552323 144.0179711611 112.8558698035 792.2197284763 44.109972173 662.4120347415 239.5291339911 138.6747617843 191.2364685049 360.0017539422 175.8501323889 19.1744194283 751.5602192428 4576.7584585547 0 35.4095556118 77.8651016106 0 299.0211248841 0 127.4080849987 480.469193018 475.4143856986 37.0104460747 559.5509368412 30.5671641791 126.1465418669 0 7300.0052483346 0 242.3820693144 10998.5733974197
70675.2728560587 363.54201872 727.0840374399 672.5527346319 890.6779458639 18.177100936 65.1754110802 0 93.2229429126 117.5419714984 0 89.5427945021 447.4955122692 608.2200792647 13.0817100936 143.8988110296 13.0817100936 142.4533468252 780.4669128932 369.1071422548 0 0 223.9157028417 52.0488000675 7.2307749389 659.0384214521 33.0824791298 231.5773539084 337.5901509402 127.5013407539 215.141027068 227.0933063496 63.7558512522 411.0454642044 744.0980318745 200.145847036 240.4288793322 5042.5200101189 0 0 195.3811687326 0 106.2148511679 188.397348849 147.8682249768 81.2637557973 337.6031031284 0 0 80.4512218568 228.9765545156 7114.4711965596 75.7443966608 166.6376726537 10894.3445484442
107041.2698541192 641.2654287883 267.8305287124 260.3907918037 0 690.7298355679 0 109.062605616 238.1751985834 65.5000792647 0 117.1844911038 522.606978666 861.3610995868 315.1949540433 0 5.9355561177 213.6800202378 717.8897107682 0 0 189.6614824184 11.026629564 0 640.7317986339 18.3066228181 123.8669567417 71.7257643983 246.1900126486 205.0892655367 392.463391517 0 556.1203339236 531.9411889704 163.6077240914 0 101.3007909605 3574.4430120584 88.5756977823 97.6905843663 24.4226460916 0 33.19214099 276.3081676364 29.151058268 81.794795514 81.7179458639 0 179.468110296 148.5253326587 0 7313.4737971161 242.3820693144 0 10828.0656109284
49138.2283700143 491.0226359727 66.9576321781 0 0 218.125211232 672.5527346319 618.0214318239 0 27.4292807151 0 105.0526081457 191.2701441943 0 382.9055400961 116.1396812547 0 0 909.9343958175 584.2645754279 204.4926013998 0 93.8999106164 102.436266127 489.3578480479 0 80.782797875 234.2843612446 0 234.3163099755 61.9062787756 332.1156927228 628.1465890885 0 69.9513146134 0 627.9255384096 5937.6768226663 1143.7248469517 0 0 6.5693498609 243.065944852 39.4160991652 0 59.0697495573 9.7504072856 0 24.7542221098 0 8086.1642162071 3226.5325575512 30.2977586643 156.2906012311 10813.4305017286
0 59.5178952694 606.612280968 0 0 184.6567568935 0 0 0 0 0 0 48.6354667341 6.4847288979 69.0230744582 229.4609663547 113.1019613795 200.4290682182 88.4245889198 392.1758529387 2.3642060882 21.3408887765 89.6317328611 92.7877493886 261.4278303398 31.2372240492 0 189.3497664221 0 19.8349810271 63.8007521713 722.8400371026 0 0 0 69.0524327515 3856.8033055064 1430.6607167552 123.2357534362 13.1386997217 243.065944852 236.4965949911 0 0 0 0 796.8635196897 1786.5238148242 1655.802560081 8175.5947584113 6404.9011080192 0 130.0321983304 167.1842549962 13439.4115389156
24704.9347162493 11122.426538494 21231.4298338814 21177.9701087781 1261.8211721056 1541.7248671895 311.4975360486 742.0878522641 616.5604249937 487.5600843241 463.8316755207 75.172773421 84.3014756725 0 68.836562948 42.8285690193 92.9051825618 47.1597807572 64.8446985412 328.5737009866 130.1910785058 197.0459566574 20.1985057762 118.911449532 5.3958816089 0 0 4.468504933 0 0 371.8486887596 565.4010085167 25.1963234674 0 0 28.2487224892 2168.4363538241 1084.2181769121 34.6600556539 0 0 15.1005244962 43.0876127835 0 0 879.6202310481 1139.6414537482 0 0 6323.5225094865 270.0427624589 0 198.1443022177 0 10489.2968108609
0 14242.5154228856 27904.1649245299 14293.2146049414 14691.5781499283 1526.9075638755 1170.6291323046 150.6702150266 86.2909317818 0 313.3997807572 366.9009528628 52.5547988869 0 6.4242853529 0 0 135.8969491525 186.2291525424 220.8028602749 0 0 0 0 0 0 0 0 0 0 0 250.2915389156 464.671840796 0 29.2667644827 0 4238.307418838 0 195.9476110971 386.6254085505 786.3567046125 704.8718981364 831.1565966776 1626.8164263429 1286.2386373219 686.9184383169 6.2740399696 119.2067594232 21.9591398938 4902.7969845687 366.6479534531 55.7280849987 185.7602833291 4261.2768294123 9178.1347095033
34066.9222834978 107.2069887849 119.072920145 168.4043511257 0 17317.7059785817 517.4217859853 0 93.2074002867 209.1631604688 106.5170688928 54.6979542963 47.8332945442 124.6207740956 51.9253225398 54.2092250611 66.3980976474 3471.3228703938 5279.0027894426 5509.1838974618 7004.1038738511 5153.9632279282 5946.8806476094 4585.1247086601 4338.9580099502 4137.6594181634 2855.6794603255 247.0992562611 23.2655839447 6.6090699047 105.7451184754 0 7.2489080024 0 3061.5121814656 0 101.2066717261 172.8098220761 203.1317581584 193.6852955561 1.6267948394 0 0 0 76.2883885656 0 34.6220625685 5653.976409478 0 238.7623644489 0 0 0 10169.6851606375 0
35078.065941479 29.5197638924 38.6182443714 163.3011889704 0 1701.8691761531 18090.0311459651 18526.0035281221 17741.5188464457 18027.1974905135 17901.689923265 13923.1645433848 1679.0940484021 41.5402580319 0 92.1556826039 3011.100537988 5793.8704039126 131.8636377435 385.0840981533 50.6689602833 0 0 18.9257374146 0 7.2463175647 1829.3230255502 2667.8010624842 0 0 0 0 142.9783421874 2222.9788818619 1753.4940079265 0 0 36.4595463361 0 0 166.3777654102 0 0 0 359.2600252972 4670.3803288642 5372.1791044776 3524.7325137027 29.8452955561 283.5303077831 0 0 1553.7056412851 8253.3217033477 25.3983776035
54462.9791516991 13373.4002799562 0 81.6505944852 25.5158107766 2020.9696466818 53.1834117548 21.4488236782 5.3622059196 0 52.7672147736 5892.335529134 16708.6284644574 5575.3609444304 10949.1478472047 6234.0945577199 5355.3637102622 0 117.2121224387 226.3628029345 456.02064255 279.2137751918 63.6591415802 0 0 0 225.7022413357 3177.2650240324 4.9166506451 0 0 285.9566843747 536.1687832026 0 2310.8206223122 34.5046293954 0 0 0 0 214.0659954465 918.893856143 1169.3546369846 1199.3380892149 3851.6258841386 0 830.7188127161 14.9226477781 283.5303077831 0 24.7594029851 33.0125373134 9926.8290412345 81.9286347921 9.0708491441
26716.9440391264 6470.4391803693 4918.3344295472 0 0 205.0745863901 1735.1735694409 0 0 0 0 27.707321022 9909.4921055738 13508.4872856059 10244.4184231385 6332.9724260056 0 0 0 0 26.8006678472 35.6314697698 103.8048806813 0 0 65.5328914748 2837.6439699806 23.7215009697 813.404327515 52.3760586896 204.3596256008 333.4963959862 0 0 2252.8751226916 82.811110549 28.0829344801 8.3878370858 0 238.056901931 650.6419495742 249.9245602496 0 0 2655.9515372291 0 706.5487747702 126.8425061135 0 61.5677949237 257.4653242263 255.5656699553 9888.8005531664 1.7718593473 0
0 14.5090412345 3937.8416932288 2874.4135053546 0 188.7746892655 1574.1977299941 1438.6919369255 1372.1159625601 1386.5576524159 0 0 42.4313685808 0 0 10286.0476195295 0 377.9137667594 484.3237642297 349.9491289316 21.0576675942 0 49.239902184 0 95.7788413863 271.3923804705 2048.7175512269 10.3928358209 507.3527548697 192.6819327093 11.6776928915 135.6128644911 0 347.6445029092 2217.1935711274 0 109.1005987014 360.9282671389 420.5411451218 363.7112606459 46.5795227254 0 0 2856.1137903702 709.5372763302 0 519.8205312421 0 0 0 79.9806256851 195.2715068724 9658.4812884729 76.9100935998 40.7838502403
3.3805211232 0 1101.9644017202 8063.3657745172 0 63.2688489755 169.3386356354 84.1374146218 51.4072350114 945.9224825027 1042.7746285522 0 0 0 7819.6055923771 1469.7089737752 813.0572088709 191.0370048065 0 48.1925018973 0 0 0 0 70.3390167805 59.7881642634 2598.6735070411 0 358.3887747702 72.1393709419 5.1670596172 128.4753453074 1175.5751412429 2012.8762560081 7.5442178936 194.1144447255 12.3771110549 0 0 1348.2986153976 0 0 2575.3751108862 1189.7785108357 5.3587520027 24.0064491104 410.5809123872 43.6117446665 95.0569727633 0 140.0839598617 0 8999.8167535205 225.6029412261 51.2733957332
151.4957011552 54.1056075554 0 3960.8689569104 733.5704932962 39.8443848554 84.6693178177 0 122.3947246817 698.2723265031 330.8386069652 0 0 83.170317902 8458.0431267392 438.5472771735 0 0 0 1.6250678809 2288.1223442111 3913.1323720381 0 0 0 2257.6121696602 0 0 214.293953959 41.1024740703 13.7008246901 0 1517.7874964162 142.2996475251 0 110.6634960789 367.8473260815 2318.4080141665 80.5427506535 72.8724647947 149.5278320263 77.7269449363 0 92.6729066532 107.0109790033 10.8539337212 0 117.9927076482 117.9927076482 55.1314208618 3664.1844067797 11324.0299384434 0 107.3201045619 0
0 124.4428973775 0 2005.9097057087 3025.978284847 0 0 0 378.3109671979 181.5257812632 92.5045282064 0 9.6709671979 1465.8423138545 462.8801214268 8042.8624605785 0 3460.0579205667 5171.5963369593 4630.5765275318 2583.000495826 3505.6478961127 216.3878910532 248.8460747112 0 1600.561477359 1943.297100936 173.9392528881 99.5945560334 132.4413053377 309.5331208365 1536.1649245299 921.0870933468 31.857202125 0 31.1241082722 1681.5877763724 0 15.2378176912 18.5216291424 45.4155527448 9.715868117 0 44.4829951935 3.0618972932 0 0 0 0 7603.4163015431 11885.820740366 13.4789105321 0 3.3537532676 0
0 882.2564330888 1620.8696449954 1265.6412041487 3949.9588970402 78.745850409 2.8123518003 98.4219512606 216.4215667426 112.8109688844 0 0 1154.8628653343 2135.2407589173 0 5267.5573724597 5766.7632009444 2920.0924192596 279.0022227844 159.270467999 0 1763.4939607049 1763.4939607049 189.3394046716 592.4123652922 2347.0668892824 799.0014942238 226.1210287545 13.0454439666 18.7685841977 1283.0144059364 54.4648149085 0 0 0 1113.0937853107 788.2442701746 0 0 0 0 0 0 9.090709166 0 0 0 5088.0814908508 4871.828302555 2682.6658571549 3033.4111139219 1037.5997976221 1542.7360013492 221.5109132305 0
1349.8148848975 607.281477359 214.3941175479 388.8074205245 1314.2067290665 2162.2348461084 0 72.2559406358 84.4586288895 15.2447255249 0 2255.4681507716 1218.4891947044 0 1244.0360907328 1342.6039699806 417.4231216797 268.0964803103 0 83.8265621047 0 2812.7040998398 3265.6196711358 119.0133400793 839.0841993423 1329.8201602159 301.1850037946 27.6486044354 13.0454439666 1007.1207083228 169.780736993 0 0 0 97.2968378447 1469.2599645839 15.5219023526 0 118.9028147399 0 0 7.8265755966 52.3872839194 78.7233999494 29.8228450966 30.4635466734 7222.6668690446 3189.8908171009 1735.2564634455 347.0512926891 1223.2668251961 871.5838300025 332.0319352391 1227.5876751834 613.7938375917
82.811110549 54.0952458049 289.1291070073 162.077638924 0 2564.6256581499 0 0 0 4.9391011046 1428.8059634033 222.5565865587 0 205.7429193018 2052.2448638165 113.6062332406 731.7891356775 235.0001855131 0 0 0 4354.0913466565 0 0 666.7803760857 996.4049312758 0 63.5917902015 0 1087.2783472468 18.7521780926 0 4.9840020238 99.6800404756 771.2933097226 684.1596222278 0 0 107.2199409731 273.8006239987 204.981330635 0 56.7426730753 3322.732776794 4499.1610355005 5323.3251775023 1693.7852837507 0 1330.3632886415 925.4701138376 1155.3075571296 0 0 296.3003018804 1136.345553588
31.0541664559 223.1428889451 0 225.4993237204 0 2316.4038789105 1826.0979306856 0 0 0 1523.0564465807 0 229.9479686314 376.5805548529 1752.1340281643 75.6822261573 486.9936419597 101.9812125812 4.4339657644 31.7786255165 5494.6515422886 420.376220592 74.753122523 5.7326385024 1467.3913955646 7.9224217894 0 0 0 955.3836242516 3.9840930939 0 82.6971312927 56.1762307109 1097.1064676617 0 0 72.3871894763 49.0499367569 134.0698271355 282.2929420693 589.7511223543 1927.2907867442 643.611501813 2191.4636175057 362.9539893752 44.3586541867 163.065459145 1916.3030137448 0 509.6945104984 747.5519487309 0 629.8605953284 187.5684088034
101.9294038283 0 0 232.5461775866 894.6231823931 2.5507175984 1342.3967349692 39.6604637828 0 102.8714596509 1279.2487730837 11.1000252972 0 1193.2289737752 24.9692284341 0 187.8568108609 199.5845855468 0 0 3831.7330500042 0 0 269.8441622396 187.3439042078 627.9255384096 0 7.3551159457 136.0696449954 732.3693937094 0 0 574.8854642044 243.6410220086 0 0 0 175.1964786238 270.0945712117 277.3944244877 94.8980925879 1034.6648317733 178.3904882368 1427.2413390674 0 0 53.4821755629 133.1873513787 2000.4438822835 0 62.5176220592 774.3388009107 0 499.8948848975 0
654.7046192765 0 7.0468538663 42.2811231976 867.5133889873 0 1287.5666683531 0 0 34.6341512775 1108.2928408803 15.5400354161 0 1285.5789392023 22.5860258032 0 0 228.0966691964 0 1740.0884931276 912.0879129775 226.385253394 0 182.4220726874 194.8734429547 627.9255384096 0 0 227.7305540096 608.9298591787 0 0 668.1783489333 0 0 82.0123922759 110.2688860781 194.3035466734 88.6275065351 0 1070.3429294207 535.1714647103 6.1445180875 1448.7186575597 0 0 0 0 1276.5124074543 0 21.2674930433 773.7645872333 0 316.6965443967 187.4181634202
435.7435601653 95.3255147989 16.9311004301 118.0384720465 717.6876566321 0 780.6335643815 860.7713432836 0 891.1399072434 153.5697782275 0 99.3216966017 369.6148680327 835.6829547179 0 51.615333502 81.1903600641 4.811306181 2130.9924411839 0 533.6223830003 17.1020693144 193.8234522304 0 692.8833527279 0 163.0499165191 81.6747719032 288.8700632431 46.4629530315 21.4799089299 358.6961733704 349.3118812716 29.1035669112 264.0415819209 276.9635483599 478.8363538241 931.5602327346 1062.4541833207 625.9438536133 0 0 1386.4643966608 0 36.8049380218 151.309189645 49.0732506957 1316.4034201872 0 9.9429631503 643.6296348765 0 123.8021958007 84.3446496332
31.9141917531 54.4717227422 14.8147128763 506.5557635551 226.1305270259 8.2816291424 0 1169.2941934396 42.8924664812 978.946245046 0 51.7880293448 229.9755999663 7.3438907159 679.671257273 0 25.1894156337 0 13.9754110802 2284.019954465 355.7482553335 161.7037524243 68.4082772578 0 17.9465519858 541.8711999325 108.280293448 14.4373724597 167.7437895269 60.9754481828 0 52.3881473986 120.895724766 504.345256767 105.3669145796 0 349.9128628046 363.3710498356 0 214.5504072856 457.5066902774 1070.8592899907 1151.5911425921 567.3671506872 13.841571802 80.903684965 464.1088523484 779.4652770048 1167.7425212918 0 12.7838097647 488.2836799056 65.4258200523 19.6778278101 0
