data/patches/PatchElevation.asc
NCOLS 129
NROWS 129
XLLCORNER -27000
YLLCORNER 2099760
CELLSIZE 2195.348837
NODATA_VALUE NaN
[rows 88 to 109 of 129, columns 0 to 49 of 129]
75.2984633995 76.9029263771 77.2771516806 65.9809256051 72.2531209602 83.1616765118 81.850020558 84.1947176189 80.439019364 78.6470702564 82.5596294168 84.2387880638 85.693112746 77.6020778422 64.4982165685 68.4526053038 87.0316591407 91.5201219118 88.1916828857 88.6503142955 85.2150604622 85.5220596632 94.709626993 100.5934048675 106.8050967305 98.3032356453 102.4675192114 105.7249973517 104.0503204449 106.2254583363 109.217165067 117.9142827409 116.0598901627 110.0140226857 118.6159759678 125.9876915757 125.7426897802 106.8118193407 112.0083970572 114.2657001849 109.4717321262 110.3195279733 111.2001899149 106.2127600725 104.0906561064 105.5038981704 108.2915405505 105.8773765172 97.0543240538 90.7111678128
81.9075362234 78.5619171933 79.600933954 69.3168341981 71.4740451289 82.573821594 82.9913703857 82.1420806252 78.4401632523 80.4300558837 84.2865932922 86.6813364515 85.7521223248 73.3115585949 78.9563103275 68.3450435399 74.8039780684 74.8211580724 78.6410946028 83.9280540793 94.1725651304 88.4837429528 96.9437744632 102.7117740502 104.0899091497 104.2706726695 101.6682755494 106.440581864 106.3890418522 112.4251988922 122.1020228562 128.8007304833 136.4413505009 129.7232219998 142.5043979819 134.6023431216 126.9848787615 167.6589115915 156.3268315947 138.1727961164 126.4918873438 132.0081625251 124.1770685507 114.59212026 122.9064952151 127.7900980771 120.6305181701 99.9435525442 79.2446356112 66.8473953695
82.9375895037 83.2759608859 82.9151808029 82.9383364604 74.4267649382 77.095641204 83.3932330868 83.1594356417 84.2283306701 86.2503424393 86.4408163962 83.0548617046 80.3449028207 82.2369441253 82.0688788692 79.259574745 87.4790862001 88.8490047759 100.1086299734 100.2229143475 103.272738527 100.4596996194 87.8652628106 105.9341452259 110.4973036663 110.646695005 109.4366251616 109.2409225079 117.8189731758 123.1216187428 132.7162774706 159.1465931126 169.0442153662 165.0012396761 146.7120050363 123.7781936764 164.3416769158 185.4798043845 167.7717020522 162.7185400208 152.8721568874 142.6896432419 125.8831176386 106.9806315534 101.1327076002 101.1491406474 85.0649221668 70.1362456909 82.4318998222 76.4689445382
103.5349203264 105.4822364263 89.1141744021 88.3194124802 88.9476030595 70.8122414985 82.6881059681 85.0238395486 87.1616296054 89.5586136347 86.3235441953 85.8477327815 91.2288088014 89.3061422723 83.5478531223 92.6652065229 92.9019917947 99.510317662 107.9232909006 110.3068297095 114.2507610511 90.7933330491 103.5692803343 119.2695630745 117.4761200535 109.9072078785 117.2341060848 123.4749292588 136.4906496427 124.2353311728 139.2992068102 181.8301739802 191.3411735582 158.9882382936 141.2666907408 131.4240423908 166.0813390549 180.7665076487 160.9833596219 143.576280837 132.6878931162 134.5903918145 121.585875781 96.9818692545 91.2415070651 84.1446715204 77.6132821926 88.5965334135 92.8504517829 91.5507471362
107.8336560974 104.7673988707 112.8621685579 104.2168917876 103.5685333776 75.2685851318 78.0539866418 93.308336236 97.1940049555 100.4611935327 90.3212564188 90.1442276824 94.4997321621 92.1378550973 91.4566305929 103.1278289285 109.9116896186 111.9792657462 122.9692395773 111.4623717143 94.0216798783 116.5483998402 112.6814050381 126.6076656313 116.3310354424 122.9416021797 140.7946141105 149.6594961487 149.9059918576 127.0573335608 152.0661906151 192.3861659724 171.8306647246 154.5177024831 138.7905293019 162.1710207645 174.4240983643 163.9973298801 150.5184963462 139.3141459441 134.5343700625 123.1612074476 111.7073735098 102.7498688416 104.1063421969 103.579737728 106.0290087259 97.1813066917 94.8029965796 109.8967504848
115.7648422687 108.3938736175 109.4231799411 108.8353250233 102.7924453731 89.4779423118 85.2919970016 93.9798503034 101.7018886006 101.6996477305 87.830155846 96.7279039787 108.585094531 109.7204687051 111.3346421197 122.633856022 118.5330637748 128.9740244362 128.1374329395 115.7767935758 99.3116271815 123.0028526286 125.7845193551 133.9285881841 130.7226500557 125.1600635593 143.2256572561 152.0863584458 142.906260683 126.5195247415 168.9683266752 189.8801262658 167.0747914572 144.726594145 151.2520078192 169.5367607189 162.3480495009 153.2770074153 148.6443820023 146.4072467053 137.9016508367 120.3018572249 111.3391238599 112.4535832466 109.4926469136 127.3635858051 118.5263411645 103.3982272515 84.7033951271 129.9473090078
115.1351577761 130.8346935597 126.4762012532 118.4964628968 96.6793517937 106.9066828408 93.2724823147 99.2145228113 114.1230314565 110.8349280918 100.2161917373 113.5023104442 122.633856022 106.7363767147 106.0558991669 129.3915732279 120.0195075948 121.7024010252 133.5274724397 126.8168135055 106.7998680336 131.7848224738 152.9588038638 133.4184167624 137.5580507577 133.3071202151 166.0843268816 161.0311648503 148.6899463606 133.6641655146 153.4271457106 170.2374060974 150.3564067438 187.4532639687 193.9585098122 177.7861504417 159.5006505853 153.3614135216 149.9015101174 145.5295725905 141.8478230483 118.5890855268 133.9539847116 109.9385800596 134.7972988186 150.2286771492 130.916858796 115.0604621068 93.9283102916 133.5820002783
102.9851602 132.5758496122 134.6471605232 126.2782577295 106.7946393368 131.3284319341 105.5442338319 131.4337528279 132.4697817617 114.5951080868 106.3389957537 126.0018837529 126.5232595249 107.1867916008 113.4627217394 145.7715865592 137.4714037812 126.0205576702 134.8675127478 110.1589322842 122.9274100025 123.0200326325 146.4072467053 129.8248081101 144.4136192904 131.7676424698 166.3166304133 153.87457277 144.4188479873 136.8170697178 155.1048104442 163.6597054546 150.782172059 194.5545812536 213.6744317366 183.7625509462 158.2427755135 142.7367015136 142.8606963247 142.691884112 129.4520767201 141.7626699853 138.5029509749 118.0131819161 155.91675237 158.404865116 135.1603197716 126.2095377137 107.868763062 131.8789390172
113.1026886132 117.5956331245 117.6232705221 103.1323106686 104.5231440319 120.8284616938 113.3282695346 105.9446026196 119.3121396061 116.3355171826 115.947099702 122.8280647623 113.2886808299 118.5831098732 109.615894768 146.3594414769 139.4844520702 144.2597462116 125.8950689457 110.8916968005 134.3110300111 133.0957314708 148.1132957932 145.7006256733 141.4646342646 130.7017352682 159.5589132074 159.8285645738 156.7660421305 151.5126957053 162.5273191073 175.3264220501 165.6279363419 158.4930060058 189.5820905451 201.9389951253 191.3717987827 167.2025210518 165.8101937751 159.4984097152 156.8392438865 150.8142911969 130.2102377639 131.3246971506 171.5662420551 154.3078076523 134.0271864676 120.9554443317 109.7055295712 134.1728430228
126.7092517416 126.3335325248 113.4985756607 107.7582134713 110.8580837493 125.2855522838 110.6810550129 105.0138945795 121.985497612 110.6257802176 116.8135694664 121.4185574817 122.3910950966 129.2787827672 115.3278726031 150.299638035 148.3157210572 134.9788092951 123.3823066288 127.4718945256 152.2417254381 138.7845536484 158.4720912184 159.2571427032 144.1925201092 139.0467354478 171.5729646653 185.8607522982 177.636759103 194.490342978 196.8634243931 181.3655669168 169.7862442545 159.4252079593 204.5047913674 203.3963076343 183.3532186782 220.7533403207 192.8044617208 190.228208085 163.8188072303 169.2573989155 169.8960468885 143.4365999354 150.8269894606 147.1616729657 137.4616933442 142.1451118123 129.8972629094 131.2813736624
130.3275099648 146.5155554259 121.0555365287 114.5741932993 119.2949596021 125.6082375754 114.4397410945 109.4582869057 127.6825363132 120.2622685202 117.3125365376 129.9114550865 130.1206029607 123.2329152901 115.6318839773 144.0670313847 160.1116611606 133.7717272784 126.9325917929 129.8830707322 154.1292850025 138.7845536484 169.6749477072 155.5096609721 151.9250158001 150.5513624407 190.5538812033 244.2705248582 285.1260681647 312.6080988312 249.792775693 205.3234559035 186.421716775 180.0942466245 224.4746785676 201.3376949871 182.0490322914 193.0278017721 213.0327959369 183.3980360798 185.744227054 226.1971607027 209.4586081586 173.9281191199 153.0865334584 149.6453039716 153.243394364 153.9164023449 150.2794702043 134.4566865664
162.8193791744 153.1963360924 150.4161632792 132.413013053 135.654058146 125.6045027919 120.5124990125 111.6603152381 121.1235095878 119.829033638 112.0054092305 134.5948735547 128.4279990933 134.1033760503 127.6070936872 123.0342248097 149.9986144876 127.6242736911 155.7449523305 134.586657031 162.6281582609 160.9109048226 200.9029661915 220.0601645091 178.9835220213 214.9957981273 263.5181049357 310.7608749282 299.9785550578 297.7511301979 295.3982166134 260.3151546341 242.5390792427 238.0035581999 253.4297078336 217.7632726767 200.0178225097 194.7159238994 195.2492509785 164.4858395576 231.1756270648 267.9796772659 263.9012937195 219.8024644499 203.7533529338 171.0373967161 148.9035759749 172.4185196423 175.0455663333 151.1638669294
207.1512589324 207.5075572752 194.0907211469 200.7677670299 176.1996144247 139.3612042157 125.6814393314 121.5149148951 123.5929484164 122.4934281636 129.9473090078 125.4454010162 140.6153445041 155.5223592359 136.8096001508 131.3784780325 145.1568412004 129.3997897515 153.5884883564 131.2126536466 165.01617881 189.857717565 207.9094199763 261.5984262335 253.1055286286 255.1619004058 243.9015282516 270.5462204647 279.218387676 261.9599532731 269.775361157 266.2482316504 266.8525196154 276.3709887604 297.2857761778 273.869430794 244.9569780595 226.7730643134 196.4339242944 182.1999175435 191.1148456801 208.9738332645 213.035036807 214.9591972494 229.2977779374 219.1309503824 204.2269234774 192.5400390513 195.1663387856 181.2154286214
182.093849693 168.8540423011 202.6852048621 191.5055040308 210.5289971003 168.1623604029 136.0058747486 140.7908793271 135.5748807365 123.6063936369 147.4746478203 144.6683315229 149.4092656564 191.6354744955 183.4137221704 157.3270066073 143.4097094944 146.4027649652 186.1236810543 171.4452350707 157.1193526465 158.312242486 206.6321240305 227.9517619757 251.7677291906 276.5009592251 252.5460580652 234.6982748312 270.7441639884 239.882154284 233.6084650154 232.4992343256 219.0204007918 225.6055710015 240.552174438 251.0603612019 273.6445968292 259.494249228 219.6620365915 205.3242028602 231.8247324314 192.662539949 180.4819171484 170.7124705544 166.8678844531 200.879810534 169.093068443 158.1695737575 180.4109562626 127.3994397264
158.7148521438 165.7048728814 140.4084375 199.2454692886 198.3879630045 178.1058479065 146.3706458273 149.2807891051 167.3153115125 148.3426114981 142.4722788441 188.5699642254 171.0979002083 204.6414844423 211.8989156762 174.0386687105 145.1575881571 147.2767042965 151.0368842915 179.3652168917 215.7875722224 186.09753757 193.3878348984 184.4669311082 246.8527541475 243.2457002747 227.4766975187 216.3739332268 254.2991654248 236.6157126634 207.7338851533 208.3986766105 211.4186225223 208.9730863078 196.766320023 226.5952886204 217.4226604244 248.4609519086 262.7061630099 196.9142174483 213.7685482799 203.9527903709 181.7024443856 146.0360092287 143.8414504632 111.2420194897 101.8572555929 91.7053671718 81.7148213965 78.7008511383
102.8768514795 118.6757325032 123.7169432275 144.9439585428 185.3617852269 190.1348384983 162.6296521743 144.3844879794 152.8355560094 181.4596834602 162.5923043396 173.4567894463 225.7101449386 204.5339226785 181.8339087636 215.3603129938 190.8720847547 187.8454162328 173.7824625646 155.0413191253 192.728272138 224.3155767919 235.7626881194 200.9149174986 235.7014376706 262.6777786556 229.4889988509 214.4071962529 206.80616494 220.2723002101 215.9758053092 255.0655429923 231.1143766159 214.950233769 185.1309756087 182.7026193982 201.2570236642 182.113270567 185.1929730142 188.7581973122 191.7333258223 169.548712026 150.4677032911 105.9991304582 93.1723901178 86.8113069161 86.158466766 88.2813176889 89.6071658198 99.8404725205
77.495263035 151.8047557724 160.8974596021 126.9639639741 174.7923480142 217.5227526214 192.2307989802 174.6056088409 178.5420706155 217.4839108733 162.4115408198 155.6807140549 190.8407125736 169.8340494829 155.3938826846 190.4971124946 222.0261545264 207.3656355034 212.4994688577 198.0720003232 241.4858703049 242.0587860888 227.0711000341 228.7233682401 266.9555996391 270.6814196262 251.7042378717 232.7905474361 217.1993203731 199.8572268206 203.2177849846 272.8050175057 265.3683166655 225.1297595878 194.8257265333 174.9096202151 171.088936728 171.0284332358 145.8492700553 144.8640341766 141.1210341856 134.3939422041 103.9091456298 93.1163683658 104.322959638 105.0310745835 105.2499328946 129.2757949404 140.3845348858 148.9991864317
72.4689914446 168.9720614586 178.9715707142 116.8307494703 150.726150307 187.0947247558 187.6795918468 159.4558331837 142.9436085177 199.3306223517 146.5431928235 148.7258002819 185.4028678451 166.7125174609 154.0919371678 154.654395558 182.7197994021 221.3546404589 186.3283471883 217.0857829557 255.7361543847 235.2360836505 217.1052038297 225.8356336631 256.8948399346 245.306553792 239.4534011419 245.6367086505 224.1086697878 202.1167708184 185.4992252585 195.0699813721 194.2722316235 189.7083262263 184.1427519032 157.0229952331 140.0289834997 139.8377625862 139.8161008421 127.7945798172 112.4483545497 102.2486609002 93.6168293504 96.2767421359 153.6661718526 173.7309225528 154.7746555857 162.4929590994 165.0146848966 170.162710428
71.902798271 99.2331967287 158.5221373169 119.941077142 132.0343060094 138.4499170497 193.7545906349 148.7101141913 138.4476761796 182.0176601102 130.8287179061 181.350627783 198.8540639813 168.0540516823 150.1696675704 146.973439879 205.3227089468 223.6664714252 176.3572222871 201.632742881 246.1969261706 242.2470191755 225.5876440409 219.4065774023 235.5423358949 233.7518807006 235.1964949458 230.8887956945 204.1477460679 193.4169662094 192.5826155828 181.8152348463 175.1807654948 159.9958828731 160.8974596021 175.9949482907 179.6893960967 190.3895507308 169.3739241597 133.4273802427 104.9167902094 100.10489519 117.1004008367 144.3419114479 176.2616118303 174.571248833 174.934269786 166.7199870278 175.0530359002 174.1320382972
97.087937105 82.1017449637 94.0433416224 95.0308183712 86.4692007505 86.8135477862 99.5155463588 116.8449416475 122.3037011635 179.4907056162 130.9430022802 166.1522999407 203.813856426 214.9076572375 173.7615477772 155.5387922831 191.7833719208 215.0802042337 200.7274313685 181.7151426494 247.3845873133 263.6286545264 232.7539465581 220.5329880961 229.1663135593 236.7770553092 239.5624568192 209.2322802805 194.73385086 190.9415517272 186.1841845465 180.8546485385 182.0886209961 183.2112969064 180.3258031995 149.0649186207 151.5963548549 178.779602844 123.3061170461 102.6243801171 103.0195202079 123.4734353454 166.0656529643 174.0685469782 182.6047680713 182.7922542014 175.5430394912 178.211915757 176.0980283144 167.757509875
115.9724962295 118.715321208 91.2691444628 98.0440416727 115.2681160676 120.1524658862 112.2601214629 104.1967239568 102.3861009318 114.9431899059 132.4167478365 149.3950734792 188.6013364066 180.0770666206 181.7577191809 154.4564520343 174.034933927 191.5630196962 204.4121687374 173.3215902848 246.885620242 240.2929804654 227.8957402237 220.6935837852 217.9298440193 217.7132265782 207.0332397748 198.8757257254 196.7110452277 189.0323304187 196.4951747432 195.6981719513 185.7763461918 184.7313537777 159.2302522623 116.4161885055 111.0448229227 112.513339782 107.4571899239 104.4813144571 133.9405394912 174.9925324081 182.8363246463 187.8909805911 189.301981785 190.3820811638 185.2781260773 179.3861316791 181.9638792283 180.0628744434
120.5969051189 107.2331029158 94.3809660478 120.0717945633 145.1964299052 146.2040744847 122.7892230142 135.8893495045 147.2550425524 127.5943954234 122.2319933209 121.6038027417 138.2952970141 141.3219655361 142.8479980609 135.2686284922 137.5311603167 137.2024993716 146.5924919653 165.4307397748 197.9928229137 207.1415484954 221.7998266482 233.1673039562 223.0136312751 220.5023628717 205.570698569 212.5069384247 203.862408611 197.1868566414 194.6337586631 181.2445599325 149.9321353419 124.43700948 110.7400645917 112.2100753645 119.941077142 139.0034119596 131.2440258277 144.0550800776 160.8683282911 200.7251904984 202.0278829718 202.5724144014 201.7365698614 197.8658402758 189.8532358248 192.513895567 196.2905086092 197.2847079683
