data/patches/PatchElevation.asc
NCOLS 129
NROWS 129
XLLCORNER -27000
YLLCORNER 2099760
CELLSIZE 2195.348837
NODATA_VALUE NaN
[rows 44 to 65 of 129, columns 0 to 49 of 129]
4.1896800937 6.0152422526 6.0406387802 6.993755521 4.4324410191 3.0909067976 2.368599675 2.4276092538 2.6942727934 2.8063162974 2.8287249982 2.5844701594 2.0630943874 2.0451674267 2.1728970213 2.0541309071 2.0451674267 2.0451674267 2.0451674267 2.0451674267 2.0451674267 2.0451674267 2.0451674267 2.0451674267 2.0451674267 2.0451674267 2.0451674267 2.0451674267 2.0451674267 3.6585938847 5.980135288 3.852802625 3.0341380889 4.4264653656 3.6197521366 5.8023595949 3.1669997342 1.8610955311 -1.1337881207 1.0817602719 0.5388605575 -0.4275741471 -0.5048853934 2.4483746699 4.4097792374 2.4684314196 6.1955677953 5.2040472835 3.5644773413 3.1694613337
4.5474723499 5.4953603939 6.3678058119 6.1474535873 4.1194661645 3.0901598409 2.5657962421 2.5135092736 2.8645789195 2.5389058011 3.9043426368 4.9119872163 2.1318144032 2.0466613401 2.0451674267 2.1355491867 2.0451674267 2.0451674267 2.0451674267 2.0451674267 2.0451674267 2.0451674267 2.0451674267 2.0451674267 2.3730814152 2.5314362342 2.9407685022 2.7144406241 2.2012813757 4.345047086 5.4722047364 2.7973528171 3.2246120457 4.5997593184 3.0737267937 5.5722969334 4.744668917 5.6649195633 5.1136655236 3.3590642506 4.2232931449 4.9411185274 6.360336245 8.4338880261 8.2904723409 10.9010859846 11.6607409419 7.3015016788 5.4266403781 5.1017142165
6.6606128358 4.9799602754 6.1765848984 5.6126325948 3.7833356525 4.3786601372 2.8429171754 2.7039832304 3.1790476874 5.1330863976 5.1823855394 6.1310205401 2.8817589234 2.4231275136 2.0847561315 2.0451674267 1.9876517613 2.024999596 2.0451674267 2.0451674267 2.0451674267 2.0451674267 2.0190239425 2.2729892183 4.2113418378 4.8029315391 7.2238181826 5.9689309376 4.8776272084 4.3525166529 3.8976200266 2.1975465922 3.453180794 5.3071273072 5.5237447483 5.7179534886 7.4972043324 7.3903895253 6.4910536663 6.4828371427 6.8182206981 10.6501085356 13.0859343131 12.1925741077 14.4551059322 14.5888111803 14.9473503932 10.5149093741 10.5119215473 7.5278295569
7.8243713642 5.3429812285 4.4249714522 4.5482193066 4.6841654248 2.683068443 2.5112684035 2.2192083363 3.0498241795 3.0065006913 4.7005984721 4.9904176691 3.2417920497 2.6091197303 3.862513062 2.1131404859 7.7085930767 5.368377756 2.0757926512 2.0451674267 2.0451674267 2.0451674267 2.673358006 4.959045488 7.373956478 8.3300610457 10.3617832519 8.1112027345 7.5248417301 6.5448345483 5.7784569808 4.9747315786 8.3397714827 8.6228680695 9.7522665901 9.5139874048 10.4237806575 11.7451470483 12.2807149975 9.3533917157 13.2801430534 15.2117730627 15.2409043737 15.4067287597 14.8607034168 12.8820151357 15.2580843777 13.0112386437 7.0121819882 1.701978296
7.8079383169 6.5889049932 4.810401106 4.5683871373 4.1217070346 2.6815745296 3.2739111875 2.6599127855 3.0610285299 3.1013641913 3.648136491 5.0591376849 4.1351522551 3.1820355142 2.9519728526 3.1424468095 4.132911385 4.7200193461 3.1080868016 3.1140624551 2.0451674267 2.0481552535 4.6572749838 7.4725547616 8.9739377155 10.4036128268 12.147756706 8.9829011958 8.5660993608 7.7235322106 7.2051442653 8.7939211523 10.6262059214 13.6140326953 13.2510117423 13.410113518 13.2547465258 16.0954228311 14.6739642434 14.6493146725 15.2663009013 15.3387557006 15.1012234721 15.4537870314 14.9070147318 16.6541464378 13.5333613725 6.8613413734 -2.7057484493 -3.4796718562
10.8801711972 7.6473426278 6.2475457843 3.4636381877 3.6862312823 4.1784757433 5.1061959566 5.283224693 6.2415701307 4.439910586 6.0122544258 7.4015938757 6.9989842179 6.5022580167 5.7724813272 7.5233478167 4.6923819484 6.3005797095 5.9913396384 4.7984497989 3.6810025855 4.7857515351 9.4863500072 9.898670102 11.7951931467 12.8760394822 12.8103072932 13.103114317 10.6262059214 10.344603248 12.4413106866 13.770893601 13.5146874551 15.0705982476 14.319159814 13.9837762586 15.4507992046 16.0408949925 14.4991763771 15.3731157085 14.7927303577 14.8188738419 15.703270567 15.3663930982 14.7800320939 12.2747393439 8.3360366992 4.8868972111 0.0875015325 -0.9031999482
14.2691137155 10.3184597637 8.1515383959 4.7469097871 6.2789179654 6.4835840994 7.0983294581 8.4637662938 9.294382137 8.2792679905 8.6288437231 9.4019439008 8.858159428 12.3666150172 13.4788335338 9.4863500072 6.0174831227 8.2157766716 10.9548668666 11.9176940445 12.8723046987 14.0928319359 13.9882579988 14.7441781726 15.7167157875 15.2894565588 14.6157016213 16.2948602682 13.4437265692 15.4097165865 15.7025236103 14.9264356058 15.2931913423 17.2546996194 17.7447032103 18.7949243213 15.9221288782 16.5869203354 18.4369763468 20.9312204647 19.9063958812 18.2085633169 22.4774208202 19.5217131841 14.4834902866 11.2304938865 9.620802212 11.2824985962 11.2548425657 12.8760394822
15.2775052517 11.7802540129 8.7229602664 9.9442344603 11.7966870601 10.4215397874 10.1235040667 10.4962354568 11.6286218041 12.6414950804 14.9204599522 13.1912552068 13.9016110223 14.5298016016 15.9669462798 15.7645210159 15.2648069879 17.4907379345 18.4826964234 23.9638646402 19.5239540542 19.4791366525 18.6403042858 19.8541089127 21.6557684573 22.3026329539 17.401850088 17.3697309502 19.6270340779 21.5205692958 22.3429686153 22.4482895091 22.8516461236 22.8494052535 25.4017562751 25.7744876652 23.8787115771 25.1896205742 26.4601939098 24.8385509283 23.4372601713 23.3057957932 24.9722561764 20.4412168737 14.8808712475 16.4576968274 19.843651519 20.040848086 19.0234930695 21.8925537292
12.1626958399 11.2768052015 10.7696216066 16.8505960482 17.9478754309 11.487446989 12.6616629112 14.4663102826 13.3742595967 16.9641334656 15.8915036538 19.0122887191 19.7039706173 22.258562509 26.4220991184 22.2017938003 22.2540807688 24.2611534042 25.6908285155 29.0782771204 27.3236758475 28.32385086 28.6315970177 28.0258151393 29.8013311997 28.8855622935 23.6479019588 28.6861248564 30.1770504165 28.2663351946 26.3347051853 28.9878953605 26.0321877244 28.4762300255 32.8563840761 31.2407167481 31.9667586541 33.448720734 27.8435577061 29.5624502311 26.1830729765 25.8185581101 24.6017656564 25.387564098 18.0038971829 22.3549199224 24.719784814 24.2753455814 25.148537956 23.1452001041
13.1479317186 12.4898628717 15.6875844764 19.3655992351 19.3641053217 17.4862561943 18.2436702815 19.6942601803 19.1721374515 21.8559528512 21.8634224181 21.1194535514 23.0607939978 23.5448219351 23.3603236319 24.2238055695 21.9821885324 33.6324720806 37.8251400011 31.3654585159 29.8498833848 27.0331096937 27.9204942455 35.9794100115 36.2781926889 33.7243477539 26.7193878824 29.8050659832 37.3650146779 32.9706684502 31.1600454252 32.3140935166 32.4664726821 33.2022250251 36.1213317833 38.3270948991 38.2411948793 36.58743276 23.2572436082 26.5117339216 33.923785191 30.3727530702 27.9182533755 23.104117486 23.0324096434 23.4088758169 23.3035549232 22.6103791116 23.3670462421 23.5679775926
24.217829916 22.1816259695 26.9576670677 29.9238320975 30.0194425542 34.6714888412 33.2567528638 30.8261557832 31.1324080275 30.6125261688 30.9292358069 28.0153577456 29.7027329162 29.2388728095 25.9672024921 28.9878953605 29.2052597583 35.4886594639 36.2498083345 34.4854966245 34.0716826163 33.9499286753 34.8701793217 41.3022234092 40.6829963103 33.3471346237 35.1293732943 41.2484425273 44.1570918917 35.0091132667 33.8744860493 37.0946163549 40.5044736606 41.8624409293 40.3520944951 36.012276106 38.7326923837 36.4455109882 31.7337081658 31.2840402363 30.3899330742 27.1720436387 26.6372226462 23.8256776519 20.5704403817 24.6615221919 25.8499302912 23.6015906439 23.4648975689 22.528960832
37.6615564852 31.2728358859 36.7502693192 38.5414714701 35.4550464127 41.6577747953 40.85927809 37.9670617728 41.816876571 41.2140825194 37.6862060561 38.2665914069 35.8643786807 32.8937319107 30.9479097242 38.4727514543 38.8484706711 35.5521507828 41.8945600672 41.9953992208 47.1688212798 51.1926769876 44.9608172939 40.6023249874 47.4877717879 48.8711355842 43.8500926907 46.7542603149 46.8364255512 42.6101445795 38.0118791744 38.9052393798 43.6364630763 45.6345722314 47.0276464647 47.0134542876 45.438122621 44.9690338175 40.3618049321 32.1437873905 28.2954665057 25.3188440822 25.1985840545 23.3416497145 24.0258620457 23.7106463211 25.6863467754 23.3991653799 21.8327971937 20.8236587008
47.4683509139 40.3139997037 45.22374605 42.5399306503 41.3814008187 43.8665257379 45.1699651681 47.1419308388 46.1290575625 43.4146169384 44.3572762856 45.484433936 39.5431403961 35.6455203695 34.0694417463 43.2667195131 45.4060034832 39.1158811674 45.87434533 39.5707777937 43.0762455562 46.7019733464 44.4020936872 45.3895704359 45.391811306 44.119744057 44.9944303451 45.8855496804 38.9799350492 39.8807648215 38.3756470842 41.1842042517 45.1296295066 46.5660272282 46.6325063739 43.7096648323 43.7716622379 38.5743375646 33.9805538997 31.284787193 25.8633755117 24.6458361013 20.8363569646 27.5305828516 23.3229757972 26.018742504 27.0256401268 27.3550480286 27.263919312 17.3906457376
54.5233568838 48.8143668755 47.0605125593 44.1406588444 45.3447530343 47.0455734254 48.1488284616 44.0017248995 41.8415261419 41.863187886 49.2453608877 50.6048220698 48.6291216156 48.9757095213 44.8211363922 46.1940427948 47.6595718274 41.9356426853 44.4879937069 43.0657881625 42.3569262604 40.0727326918 42.0708418468 47.6692822644 43.3824978006 45.1199190696 40.6060597709 43.6790396079 45.418701747 42.6340471937 44.4035876005 46.8670507756 52.4057346578 46.1820914877 41.9841948704 44.9354207663 47.073210823 38.797677616 34.323407022 33.0998919581 31.3863733033 29.846895558 30.4825557042 28.1251603796 26.4079069413 29.5271980932 29.3471815301 34.962054995 34.2823244039 22.304873824
56.720903476 51.7753032085 51.5758657713 48.1846823829 52.1726841694 46.9156029607 46.2664975941 49.3066113365 49.7084740376 48.1899110798 49.1206191199 48.3153998043 52.5484033862 50.1738280577 48.7874764346 48.0323032175 50.4322750736 43.8411292104 45.0736077546 44.6635285299 52.4991042445 43.9195596632 47.5445404966 46.4151419761 42.6945506859 45.5128182904 45.4299060974 45.3581982548 45.2879843256 46.0409166727 49.4335939744 51.937392811 54.3418464073 52.8964852054 49.673367073 47.4115822052 49.5277105178 44.1847292894 40.7509693694 36.4574622953 36.5717466694 31.321388071 26.3055738742 23.8017750377 20.8550308819 20.1685776806 23.6867437069 21.6430701936 21.8088945795 24.1192316324
55.5563979909 56.9957835392 53.5418557886 49.9826071441 49.1646895648 50.7990308101 49.5112774706 50.2186454593 51.4331970429 51.0866091371 53.1205722134 51.9224536771 51.4466422634 50.0968915182 51.1642926332 46.9522038387 46.0005810112 46.329988913 47.9135371032 54.7392273682 53.4813522964 43.6327282929 49.3021295964 53.8458671628 51.5855762083 47.5938396384 51.8268432203 52.977903485 55.3166248923 53.7435340958 55.1941239945 54.0288715527 51.0492613024 52.8606312841 53.7607140998 52.8905095519 53.6464297257 49.4791583327 40.0630222547 36.4111509803 40.1638614084 28.8459735888 26.8814774849 25.2366788459 25.238919716 23.1877766357 20.6854717125 25.3382649562 28.2319751867 27.4655976192
55.9328641644 53.6583810327 54.0781706945 54.5263447106 53.4918096901 55.1799318174 52.8255243195 50.7631768888 55.0432387425 60.1778190534 55.9246476408 52.3631581263 54.4516490412 50.2044532821 40.9294920192 40.3266979675 43.7328204898 43.888187482 46.135033216 47.3495847996 44.6530711362 45.9064644678 49.7428340455 51.9493441181 49.4081974469 52.5924738312 53.1900391859 58.3843760324 56.8523678541 60.714880916 58.5098647569 56.5266947357 59.4360910568 58.9057518044 63.5839415757 60.778372235 53.6643566863 41.8512365789 40.4454640818 35.6402916727 32.9333206155 35.2339472314 38.3368053361 36.8040502011 36.1332830903 27.6007967807 22.1173876939 23.1526696711 25.640782417 22.5805008439
50.3150028727 62.8011309609 58.9819413872 53.9922706747 53.6449358123 61.1832227629 53.9078645684 52.0718450158 53.2796739892 52.9540008708 52.3287981184 52.0120884803 57.956369847 50.6922160029 45.1087147192 41.2178173029 47.611766599 45.6450296251 49.9841010575 53.1788348355 52.7769721344 51.7312327636 51.2651317868 52.2018154805 51.854480618 55.4734857979 54.6720012658 61.2467140818 59.4682101946 58.4734090522 65.459549833 67.0774580311 58.4478673513 63.8192329341 57.4536679923 57.8465672131 51.25990309 51.0515021725 46.8028125 39.3967368842 39.2607907659 42.9589733554 41.6144513071 38.6079506158 33.0513397731 29.6900346524 25.4547902004 22.9763878914 22.7261573991 27.4992106704
34.2165922149 31.4506115789 35.7747438775 48.6485424896 45.6181391841 63.1484658234 67.5824007559 54.9648082896 53.6875123438 51.3271291924 52.2593311459 50.8759673495 55.2060753016 48.6313624856 42.2172453587 41.7070739371 48.8031625251 47.4623752603 52.0673632756 50.2686915577 56.496816468 54.7168186674 55.4032718687 54.3605203246 51.2300248222 54.4068316396 53.0570808945 51.0051908575 57.7703776304 54.4344690373 52.3683868231 55.948550255 58.3081864497 57.8794333076 58.8893187572 51.8664319251 51.2539274364 45.6756548495 42.6385289339 39.4609751598 47.2397821657 47.814191863 45.1751938649 32.1407995637 29.6646381248 28.7070396438 26.3376930121 22.1532416152 23.7771254668 28.0452360134
25.1037205544 25.2575936333 29.5249572231 51.9754876023 53.6046001508 57.0219270235 61.9682742477 51.9344049842 49.7988557975 54.9924456873 50.4591655146 50.034147156 55.5272666798 51.0768987001 47.8119509929 43.0217177176 51.7596171179 51.2897813577 58.3066925363 55.1164404984 51.3682118105 49.8048314511 52.383325957 57.4895219136 51.586323165 49.0541399741 53.3342018278 53.6105758044 52.3556885593 56.2376224953 54.7175656241 54.8318499982 55.6542493177 54.3074863994 52.0217989173 52.0076067402 46.0670601569 39.8785239515 43.1464594854 47.368258717 44.4162858643 44.9765033844 37.1103024454 31.0853497558 27.9623238204 25.5250041296 25.1052144678 25.9836355394 25.433875413 24.9647866095
23.3252166673 24.0355724828 39.6970134749 49.4836400729 53.8227115053 53.8742515172 60.5550321836 57.0891531259 48.0778675758 50.2709324278 54.6869403997 54.8154169509 56.3914955742 53.562770576 52.7224442958 51.8260962636 56.8314530666 51.2486987396 48.5290294186 49.0653443245 53.1258009103 55.7887015226 52.5088146815 49.2304217538 53.1795817922 56.9195939565 54.5323203641 54.9349300219 49.0429356237 49.3312609074 51.3293700625 61.1189844872 57.5059549609 54.2664037812 53.1145965599 55.0701291834 42.3330236462 42.6818524221 48.5178250682 45.6121635306 43.5737187141 36.5844449332 34.684187105 30.4818087475 25.6631911179 27.1563575481 33.7348051476 32.1176439062 30.2988043576 30.4205582986
23.559761069 26.9337644535 48.1062519301 46.5495941809 45.8713575032 51.2382413459 55.8066284832 55.8178328336 55.0402509157 53.0765017685 51.6953788423 52.1211441576 56.4684321136 56.7067112988 54.8550056557 54.4128072932 61.1182375305 54.6772299627 50.60930381 52.2189954844 54.4045907695 53.8383975959 53.628502765 57.798015028 56.5558260468 51.6542962241 52.8845338983 52.0427137048 50.555522928 50.9252664913 55.4831962349 52.6977947249 48.5656302966 49.6860653368 46.7378272677 40.9100711451 41.7563730789 36.9736093705 41.1782285981 40.1907518493 36.0279621966 34.7536540775 29.4883563452 26.0911973032 27.6134950445 32.3140935166 35.1697089558 33.5884016357 30.5960931216 33.8968947501
