data/patches/PatchRoughnessBAK.asc
NCOLS 129
NROWS 129
XLLCORNER -27000
YLLCORNER 2099760
CELLSIZE 2195.348837
NODATA_VALUE NaN
[rows 23 to 45 of 129, columns 0 to 52 of 129]
0.324179205 1.5051177374 0.7389559849 0 0 0 0 0 0 0 0 0 0 0 0 0 0 0 0 0 0 0 0 0 0 0 0 0 0 0 0 0 0 0 0 0 0 0 0 0 0 0 0 0 0 0 0 0 0 0 0 0 0
0.0253965276 0.7071936375 0.4519664391 0 0 0 0 0 0 0 0 0 0 0 0 0 0 0 0 0 0 0 0 0 0 0 0 0 0 0 0 0 0 0 0 0 0 0 0 0 0 0 0 0 0 0 0 0 0 0 0 0 0
0.6894410281 1.1230052636 0.0470899068 0 0 0 0 0 0 0 0 0 0 0 0 0 0 0 0 0 0 0 0 0 0 0.8595615416 1.110230011 0.1858284105 0 0 0 0 0 0 0 0 0 0 0 0 0 0 0 0 0 0 0 0 0 0 0 0 0
0.7888600836 1.4707383802 0.4511773022 0 0 0 0 0 0 0 0 0 0 0 0 0 0 0 0 0 0 0 0 0.5942101926 1.3447322326 1.5413741108 0.3841230939 2.3660954872 2.0442868663 0.1942111975 0 1.2933820314 0.6219741307 0 0 0 0 0 0 0 0 0 0 0 0 0 0 0 0 0 0 0 0
1.5454681418 0.451053219 0 0 0 0 0 0 0 0 0 0 0 0.2197634434 0.8042104738 1.1084092015 1.2370309261 1.7893222693 0.8151139325 0.7182180059 1.1443102173 0.8109858092 1.395092225 1.3735285597 0.8866375952 0.6177331855 0.5788914374 1.0938658647 3.8932732229 2.0105578197 2.0127167866 1.0138701404 2.168035968 0.9496213197 0.7546631655 0.8066492424 0.7772275847 0.197956526 0 0 0 0 0 0 0 0 0 0 0 0 0 0 0
1.1795201751 0.9078103778 0.3801742362 0 0 0 0 0 0 0 0 0 0 2.1486263554 1.549935139 1.2616098553 0.8321097565 1.6186551548 1.0464863276 0.46535402 1.0798399509 0.6635506247 0.3749722601 0.6296844926 0.9800071818 1.8912943479 0.4623661933 0.4287531421 0.9815010952 0.9322019535 1.3000290856 0.4978422341 0.742088985 2.3355627109 1.6500469933 1.2923057215 0.658068847 1.291582312 1.1694852991 0.7420362598 0 0 0 0 0 0 0 0 0 0 0 0 0
0.3958870475 0.2520252974 1.245605981 0 0 0 0 0 0 0 0 0 0.3771442293 1.723566533 0.799243662 0.8410732369 0.7910271384 0.5803853508 0.3398652955 0.2270748348 0.380200957 0.445933146 0.594577528 1.1958776663 1.3885924932 2.0212648126 0.8111949691 0.2890722404 0.8948541188 0.8642288944 0.3540574727 0.8483733669 1.2605240248 2.0494125699 0.4338310349 1.2822943928 0.9964402291 1.0330411071 0.6625505871 1.1437383282 1.9107057014 1.0173543002 0.3101979285 0 0 0 0 0 0 0 0 0 0
0.3107339845 0.4959792445 1.9011404377 1.0195765374 0.7846047035 0.7506169454 0.8149079462 0.2463846278 0 0 0 0 1.4860789418 0.9254793432 0.8731923747 0.5938305713 0.9546106543 0.9956932724 0.3368774688 0 0 0.882155855 0.0612504489 1.1256637371 0.8403262802 0.9389245637 0.4414514058 0.3204444215 0.7477036502 1.1391089576 0.3973809609 0.8171706227 0.4862688075 2.0845884354 1.231081277 1.9104768841 0.9859828354 1.3833637963 1.4408794617 1.2840185561 1.644752569 0.7282827761 0.880962117 0 0 0 0 0 0 0 0 0 0
0.7917740951 0.8567593274 0.3243349233 0.6326723194 0.4504148862 0.5258575122 0.5445314295 1.0396705528 0.469135898 0 0 0.9189490008 2.1438630728 0.8410732369 0.6550810202 0.3615270396 0.8522775873 0.770112351 0.5863610044 0.4907505476 0.0806713229 0.5953244847 0.082912193 0.9964402291 0.7865453982 0.9456471739 0.7364992998 0.4750644571 0.4302470554 1.1622646151 0.3226852916 0.148644382 0.3981279176 1.7288236914 2.062184649 1.967895187 1.644798639 1.4998890405 1.7135186548 1.7239760485 0.0941165434 0.7955088786 0.680065575 0.7840953683 0 0 0 0 0 0 0 0 0
0.9852358787 1.1450846111 0.9426593472 1.2414420246 1.2377072411 1.0143671897 0.6446236265 0.2950478939 1.2016887972 0 0.6508126379 1.8983333092 0.2024252639 1.225755934 0.6468644966 0.445933146 0.2950478939 0.8298688865 0.4414514058 0.7693653943 1.0666541583 0.8373384534 0.7872923549 0.8194114927 0.7506914769 0.4608722799 0.7260419061 0.3645148664 0.7955088786 1.0173550165 0.2285687482 1.3318237845 0.7671245242 0.546492498 3.443824282 1.0322941504 1.7463847494 2.6225649508 1.886065651 2.2677605214 0.221846138 0.7876955235 0.5637828667 0 0 0 0 0 0 0 0 0 0
1.6799056036 1.4244464145 0.4235244452 1.1562889615 0.5012079413 0.7940149652 0.7910271384 0.419042705 1.6954377167 1.0896639261 1.7707172528 1.2190333238 0.1307174214 0.9613332645 0.8836497684 0.2883252837 0.1493913387 0.168065256 0.8731923747 0.3331426853 0.9994280559 1.4535777255 1.2115637568 0.5430375162 1.6649664698 1.4281811979 1.3706655325 0.8298688865 1.2145515836 1.1674933119 0.1620896025 1.3983029302 0.974778485 0.5736627406 3.7384812932 1.196624623 2.0197708992 1.1667463552 2.0123013322 1.8024065014 1.1924251416 0.5727252569 0 0 0 0 0 0 0 0 0 0 0
1.3669307491 1.6657134265 1.9771943676 1.912956092 0.7686184376 0.6154923154 1.1734689655 1.2332255009 1.5574047059 1.1562889615 1.2840185561 1.5476942689 0.9546106543 1.2631037687 1.4020377137 1.1047489497 0.9366836936 0.855265414 1.3818698829 1.384110753 1.281777686 1.2190333238 1.3437750916 1.1488193946 1.6657134265 1.4408794617 1.5215507846 1.0905567725 1.5088525208 2.0115543755 1.4759864263 1.5805603634 2.629287561 1.0009219693 2.4210043798 3.3812402443 1.9249073991 0.1546200356 2.4134170766 2.5537735769 2.5051679503 0 0 0 0 0 0 0 0 0 0 0 0
1.2690794222 2.0802743913 1.4177238042 1.3333176979 0.4003687877 0.2845905002 0.2397730986 0.1650774293 1.7194943084 0.5975653548 0.6565749336 1.0136202331 1.2294907175 0.9456471739 0.5871079611 0.7402340832 0.8276280164 1.2205272371 0.6588158036 0.8634819377 1.0121263197 0.6909349415 0.548266213 1.152554178 0.9770193551 0.7499445203 0.7805697447 0.1075617639 0.7887862683 1.9405934897 1.6126795012 1.4782272964 1.8987639148 1.9652430605 1.8040561331 1.2028825353 1.0830872055 0.4399574925 0.9053115125 3.0213993858 0.7287970257 0 0 0 0 0 0 0 0 0 0 0 0
1.2317315875 2.1191161394 0.9971871858 0.6095166619 0.7297766895 0.268157453 0.6341662328 0.2054130907 0.8731923747 1.0942915559 0.5930836146 1.0494741543 1.318378564 1.3519916152 0.9800071818 0.046311315 0 0.0044817402 0 0 0.5736627406 2.1616926709 1.4356507649 0.9546106543 1.2444298513 0.9620802212 0.9165158629 0.2181113545 0.9060584692 1.9002578282 2.2923703693 1.7150125682 1.3930742333 1.9316300093 1.4513368554 0.9202506464 0.5363149059 1.6433047257 0.9486350007 1.756134193 0.1937229523 0 0 0 0 0 0 0 0 0 0 0 0
0.4018627011 0.4989670712 0.5325801225 0.4130670515 0.6513462367 0.4780522838 1.0950385126 1.7486256194 1.1376150442 1.3587142254 1.6724360367 1.272067249 1.0494741543 0.6745018942 0.4392105358 0 0 0 0 0 0 0.0769365394 1.1084837331 0.770112351 1.0278124102 1.6433047257 0.6491053666 0.6177331855 0.7170784257 1.800912588 1.1772037489 1.7000734344 0.9613332645 1.2070820167 1.0442454575 0.6416357997 1.5245386114 1.57906645 1.9100202741 1.0126771187 0 0 0 0 0 0 0 0 0 0 0 0 0
0.260687886 0.3510696459 0 0.5154001185 0.7790758313 1.1256637371 0.7409810399 1.5678620996 1.4236994578 1.3609550955 1.1129654733 0.0067226102 0.4235244452 0.0328660945 0 0 0 0 0 0 0 0 1.2459237647 1.2511524616 1.2638507254 1.9644961038 1.9458221865 1.0681480717 0.6177331855 1.6926038674 0.7499445203 1.3609550955 0.5266044689 0.7738471344 1.179444619 0.1919678702 1.3430281349 1.8241972431 1.7382177774 0 0 0 0 0 0 0 0 0 0 0 0 0 0
0.6513462367 0.6759958076 0.6379010162 0.9777663118 0.2905661538 1.5753316665 0.5027018547 1.1054959063 0.6946697249 0.6939227682 1.1114715599 0.2487365789 0.4175487917 0.1785226497 0 0 0 0 0 0 0 0 0.2255809214 1.8068882415 0.0253965276 0.1934617836 1.866644777 1.1010141662 0.8268810597 0.9949463157 1.9540387101 0.6386479729 1.1809385324 0.4250183586 1.0718828551 0.6722610241 0.6924288549 2.0769104249 1.6591693655 0 0 0 0 0 0 0 0 0 0 0 0 0 0
0.5788914374 0.8776741148 0.7372462565 0.621467969 0.8836497684 1.7090369147 1.2190333238 0.4339818389 0.853024544 0.5729157839 0.3787070436 0.3353835554 0.4197896617 0.548266213 0 0 0 0 0 0 0 0 0 0.3936461775 0 0 0 0 0.4055974846 1.1682402686 1.2399481112 1.123422867 0.7275358194 0.3697435633 0.5228696854 0.5766505674 0.9332603469 1.536306763 2.0380159517 0.8550457091 0.0098661554 0.0197323108 0 0 0 0 0 0 0 0 0 0 0
0.1150313308 0.4496679295 0.9366836936 0.6819714611 1.4349038082 1.6440516823 0.4601253232 0.7282827761 0.6842123312 0.4481740161 0.2517244057 0.3211913782 0.7462097368 0.5699279571 0.0881408898 0 0 0 0 0 0 0 0 0 0 0 0 0 0 1.1017611229 1.2055881033 0.9262262999 0.7581610439 0.2629287561 1.0666541583 1.0927976426 1.4184707609 1.2339724576 1.691109954 1.4194943457 2.3194231838 2.3614506572 0.272507022 0 0 0 0 0 0 0 0 0 0
0.4018627011 0.5759036107 0.4877627208 0.8970949889 1.4662759893 0.8545184573 0.2472426655 0.2562061459 0.4421983625 0.8522775873 0.5415436028 0.2128826576 0.2793618034 0.9456471739 0.1822574332 0 0 0 0 0 0 0 0 0 0 0 0 0 0 0.509424465 0.4885096775 1.3639429223 1.4565655523 1.8442360762 1.6335942886 0.7118497289 0.6924288549 1.4121358598 1.8497519462 1.4868315292 1.1936336227 1.6656023454 1.6126179718 2.134331185 1.9950597989 1.4857724194 0.3735651642 1.4179234436 1.859949912 0.4866670616 0 0 0
0.789533225 1.3930742333 0.8948541188 2.0227587259 1.7299517021 0.7379932132 0.5027018547 0.3779600869 0.5968183981 0.5773975241 0.1546200356 0.1688122127 0.2651696262 0.6625505871 0.3174565947 0 0 0 0 0 0 0 0 0 0 0 0 0 0 0.4145609649 1.4154829341 0.938177607 1.254887245 1.7717812769 1.3609550955 1.3676777058 2.2174103577 1.6791368405 0.1257182581 0.9796633937 0.2660958485 0.9722862749 0.7798196145 0 1.1177976568 1.272618048 2.3230792377 2.508559662 1.5802587554 0.721836794 0.5711891634 1.9506033857 0.2586368266
1.2384541978 1.1846733159 0.5699279571 1.4192177176 1.1092306898 1.142843741 0.3040113742 0.2711452797 0.5273514256 0.5430375162 0.5064366382 0.4690888035 0.0597565355 0 0.3196974648 0.0478052284 0 0 0 0 0 0 0 0 0 0 0 0 0 1.2175394104 1.4363977216 1.9137030487 1.5185629578 1.7456377927 1.1301454772 1.3736533593 3.3386556249 2.7238624553 1.2566075185 1.9146471875 3.3919760069 1.6642739791 1.3147566024 2.0991033107 3.110537856 2.8941239441 1.9497362356 2.3207944466 1.8531995565 1.0664903521 2.2000908112 3.2163406479 2.0844587215
1.1757098355 1.1869141859 1.1570359182 1.3803759695 1.3400403081 1.0285593669 0.399621831 0.4982201146 0.389911394 0.519134902 1.2855124695 1.4827090366 0.2263278781 0.0104573937 0 0.3525635593 0 0 0 0 0 0 0 0 0.3525635593 0.3540574727 0.9396715204 0.5729157839 0.1986904805 1.9555326235 1.4886846901 0.9299610834 1.3684246625 1.735180399 1.1032550363 1.8053943281 1.3602081388 0.8948541188 1.0838341622 1.1241698237 1.8658978203 2.2124857261 2.3036144427 1.104001993 2.1938118087 2.4657040452 1.6739299501 3.4927694987 2.0115543755 2.3193005333 2.8468231366 2.1775516801 0
