data/patches/PatchStreams.asc
NCOLS 129
NROWS 129
XLLCORNER -27000
YLLCORNER 2099760
CELLSIZE 2195.348837
NODATA_VALUE NaN
[rows 72 to 95 of 129, columns 54 to 107 of 129]
5155.0678391626 34207.9641181144 25975.4093052912 509.7210067599 0 93.1126335823 0 27.385673253 0 0 1238.5976134731 0 0 46930.8408772623 2910.9343049321 703.6205069933 972.2694574565 336.0543224828 551.3384458938 566.239484972 298.0207815642 0 9.7522665901 19.5045331801 0 0 200.0110998995 126.004124623 1409.265266626 830.0884917229 0 0 19.1146217861 235.7470020289 235.7470020289 273.9762456011 359.4885948273 5003.0001546341 50638.5553810417 0 60.5154434789 284.9878811764 199.4000893242 296.5881186261 31.2198019606 2261.0819816055 1124.9996925722 11.3836200086 814.9148134516 298.8020982656 358.9545207914 83.2796956693 48803.4351643296 0
242.4352522623 10989.403156241 46863.1755643134 517.3720841712 448.9418875682 278.1173735098 145.8701848427 111.0963629345 11.0101416619 568.7477655487 531.7846135719 0 313.7150886509 33531.5358225905 980.1886923208 277.9313812931 215.978793136 186.1931480268 186.1931480268 100.6449448793 285.1283090348 60.5572730537 0 0 83.3379582914 205.5669637856 240.6007266231 1105.2434349864 114.4091158701 10.6553372325 10.6553372325 50.972324763 223.0039208381 0 72.9052141536 145.8104283072 403.311797077 52099.5324595572 2354.9721971057 439.6587097817 7.447158234 136.304657426 90.3078111983 98.9067766536 304.3930691163 637.2377186872 2227.5525895486 244.4744440355 787.7509863365 0 349.9880526429 13.8799492782 45059.2706678218 0
35.0636411053 10964.3576983087 46821.2264764076 0 0 0 0 0 0 1010.7212941235 23.8787115771 51.5049048854 333.8956176386 15235.7608299519 23253.3056524706 0 128.0821581442 173.8257860529 114.3590697716 0 0 225.3299439816 39.3242820849 0 0 39.0210176673 867.3407159401 0 15.4552809448 0 28.8512022856 36.5448562285 21.181450957 141.8777013161 318.5127914931 697.5768803864 18345.1204457232 41266.6040323363 26097.7443786358 79.1385677607 448.4518839773 79.1385677607 50.3613141877 70.2445544114 296.5881186261 588.2194326343 2278.1984942366 167.7761837924 1358.1913557527 217.3106169204 129.3086610349 22.4804086469 43984.9811182132 196.3211338337
17.5318205526 10896.7349618913 46782.1449552481 0 185.5216339594 47.0918847404 0 23.6598532659 50.6996855699 879.4705456855 40.2243649005 241.3461894032 0 85.239710033 32789.1833701702 315.7079691091 144.2687096919 0 54.8923534904 36.5949023269 0 45.4045095698 4.3248792552 0 70.0832117657 745.547933155 28.8975136006 0 17.9672963049 47.9127901465 4.7125497792 132.4667939349 114.5039793702 404.5980565032 541.9342611229 588.0229830239 6879.5264217359 33306.3687151681 17426.1149761653 18586.0856872127 3.7766130422 229.0527761419 52.1629737324 0 453.6178364694 156.0048932598 1995.3065735421 239.6610551027 271.4500380638 1136.443816073 24.3537760342 26409.3859155056 19418.2066480986 330.1668098248
0 10896.7349618913 13984.8817545246 33018.6230698793 155.5260940193 245.9242869775 83.7189062051 0 571.9088862755 172.3206683155 212.6145001885 0 639.2978252478 745.8474627891 25846.8214574655 6087.6709083686 313.0488032803 313.0488032803 321.5095817473 30.1531478024 0 0 0 140.3972331496 546.7476500557 0 129.7979176691 323.3792143511 0 245.5530495009 227.5857531959 221.5966544276 403.0757587619 658.6835923136 365.5591118752 0 12543.0999691181 64530.6987272874 5.1838794527 8659.5309449063 22899.0173701433 0 5.66566652 0 189.9197149706 196.9007722278 2004.9288696675 134.2101908575 726.7395636132 77.8941379094 0 37203.1416928505 9581.446557742 43.4430012927
158.265931171 10754.6847135791 111.2405255763 52454.9605977988 32.0892595519 183.1351073237 16.5062490125 235.398173253 331.9348563182 0 51.7170405864 529.3846417157 460.2575345177 4.6386010665 259.5069474917 26358.834127361 7715.0183981794 56.0449076684 3.6414138807 112.391585841 0 78.0898405631 211.2288955221 234.2605582088 29.2567997702 0 0 281.1993168271 534.2787019714 478.038838606 520.2187361301 534.2787019714 379.6190777165 14.1376493375 99.6186263825 172.8039492962 6459.1033407246 38317.4143403476 0 66.4126665739 728.9640006464 26196.0446264543 1130.6339869111 15.9863671538 123.303876176 165.5756493734 2215.974013843 0 661.1149363509 186.5389889759 0 55.6841275855 45417.6776693569 0
2168.2995028817 11070.7377766806 114.2470262676 45993.0830599145 30.2651913064 0 89.760291942 160.7689830508 259.1693230663 0 0 593.5646547328 27.5044393673 0 124.7589478149 0 31005.7323888161 21.7319580401 0 5.022536807 0 0 14.5462346488 24.6353787076 0 0 137.0404097691 45.6801365897 0 154.6596242549 0 50.258234164 14.3594954754 0 0 764.3309061692 917.197087403 33145.2083268098 352.2378862037 0 66.2789613258 5296.9171561243 28727.2754475636 12662.6593513897 41.7698182993 116.3504563164 2095.3681452438 0 124.1307572357 427.1516669061 232.4529230106 0 27553.9170316989 33289.9207287777
10491.5983496122 0 44927.6456940804 1032.0633407695 0 0 0 127.2754449153 107.0500985259 143.2125129273 27.2788584458 461.2689138807 13.6939570615 0 64.4436887299 14878.4563364963 14514.788518969 215.7629226515 151.9115705796 86.7545382074 0 0 24.0781490143 0 0 147.5612947968 142.6425849702 172.5694048944 65.9824195185 113.3133304007 336.2813973176 487.0538589396 585.7731494632 808.0069579503 808.0069579503 152.8661812338 0 36457.8447371445 283.6941521833 687.4272328354 81.8365753375 214.0419344298 212.7377480429 14445.0817733769 18744.424073183 0 871.0306820059 1316.3453478706 44.1720310256 81.1493751795 362.6265598966 0 177.3230372917 43977.6273295659
13043.6087589773 0 44835.7259503375 968.6780896743 571.5159870547 897.8001159868 58.8721387532 53.5896610169 0 195.1827718328 0 387.7250517542 35.213032444 0 26.8306844298 31161.5281342017 260.9777052212 0 0 0 92.4224455975 0 130.4485169492 119.3898231022 371.6692176278 71.5704025424 83.6180670515 122.967745664 131.9648390369 287.9047470644 127.8431320023 0 24.8557309322 95.2803019068 0 9832.5166293809 42869.1211877424 16488.3937596955 14.9988904051 0 774.7150981219 0 0 287.8980244542 26794.5406892775 1651.6512197465 4.2001374874 718.8151000521 952.4885502998 62.8907657641 185.9623384085 269.6453906923 133.6350342035 46145.5653054079
10265.3630941181 0 45979.6318637784 479.8345224971 26.9487035873 0 544.5672834674 0 0 69.3638924698 0 339.1385066701 4.4772584207 7.2850686315 38471.5227105627 8179.7868041691 805.3403225546 144.5757088929 0 83.6203079216 105.6256521115 16.2956072249 0 180.5879849989 56.7388304367 512.4802647856 512.7820352898 118.0490358374 83.6180670515 0 90.2734511904 167.6506950679 867.4281098732 2189.1261494093 2082.669134498 13000.3091733697 23474.4429285317 852.4000881571 414.2352917624 0 128.0612433568 454.0376261311 116.7568007577 232.817437877 5053.2770627155 23151.0517628735 8288.8402405469 134.4043995978 1618.4997877765 282.1404822608 0 353.3284429762 144.3673079754 9441.8015099828
6853.3089887514 0 36261.8388190355 6230.5577481776 239.1105480196 41.8235991813 58.8721387532 363.2360765585 129.6313463265 0 13.2002186872 148.1685705886 0 0 28770.5638288207 121.5216375054 0 557.4500455598 597.0641468418 399.4306100977 0 200.9791557742 0 0 0 211.197523341 254.4709654643 645.1128831065 913.5026395971 60.9195470501 952.5565233589 1441.4508835913 1219.9789709315 0 0 15298.4685913261 13907.102647946 0 761.7441951397 412.5008583202 201.1180897192 52.1136745906 456.4129484164 78.5790971973 174.6048618842 77.1046046844 20211.5605565929 155.405087035 137.2376063362 1376.6240060776 55.7326797705 223.1548060902 308.21225869 37811.7321284293
47.08068039 0 0 44620.1594772964 202.227320409 235.2577453946 53.2049783198 160.9624448345 45.0362599199 0 44.7359833291 82.5895076846 0 6355.9964265836 31865.4922412741 141.9292413279 0 0 0 108.0607309322 211.8428939242 76.0461670497 0 0 46.3262541296 0 256.4541354855 150.855373815 133.1704271402 1074.6704975223 262.9735735062 106.4226549034 0 80.3307106435 110.4547271348 28198.9619417463 29.8304625108 4.7327176099 78.0151448937 318.8041046036 203.7660511976 157.3628605286 382.1131661161 74.2997823003 101.5517503052 13.0194551673 15910.0767319466 9840.8444495565 140.7565193192 1204.7171517703 33.5458251041 0 28.1692308245 20114.0401315624
7.6637756751 0 502.9095086721 43975.4820699422 175.8545204323 265.5916567168 111.602052616 89.5690710284 60.091172077 0 3.4412294869 0 13628.4519473571 21309.8042604047 265.1531931377 278.6925301637 209.0193976228 116.1218875682 0 0 0 154.0777449907 189.8487540847 0 16.5450907606 114.9499125162 70.8555649867 286.6252102485 286.6252102485 75.4276869075 0 36.3394431377 0 9285.1706670138 27033.6684173011 14862.9891042445 917.3778509229 339.0309449063 174.4196166242 83.1975304331 97.4771015423 53.8346628124 0 403.3416753447 0 129.0180948811 166.1336260234 19967.7606144517 14.0756519319 80.7654394391 1218.9302437338 162.2882929654 16.5600298944 112.2018588409
0 132.300969549 377.8502842664 43874.6727945903 75.8429948291 0 22.8382009031 0 10.0151953462 0 57.269169689 315.4099333884 33759.5286671844 10.7785850869 1246.0873482387 242.0206912974 265.9800741974 248.5617910622 242.0206912974 75.7974304708 128.0993381482 45.0078755656 145.479526492 496.9495412148 440.2390951325 99.2705445633 134.9967362557 70.6785362504 83.529179205 104.423051835 373.6815189601 0 4206.4627167122 21325.3573926763 682.1701516267 383.3284646563 81.4720604711 897.4348541637 105.3918546664 31.0920723661 102.7461340581 0 51.0739108733 207.3962607279 0 144.3292131841 0 23073.8373555552 0 0 1030.1869855555 870.2075357297 132.4802391554 0
159.6754384516 0 98.5459965707 44072.6760748977 358.8260442402 88.7085769176 99.3467341461 33.1155780487 0 0 197.1069322752 17960.997219145 11840.9128720195 165.2716379991 841.670802212 105.2088502765 0 0 0 0 0 52.0486893583 129.0517079323 168.7599257577 370.6451400011 754.0057237952 1212.1344317366 249.7449704647 80.3165184663 516.9836666906 2918.9200189421 1319.3675346524 37858.1644504094 86.1248537148 347.6560538459 611.882273727 42.3860575715 638.1758962942 370.5368312805 0 5.2690325158 0 27.6650350564 70.7666771402 0 0 0 13849.2209737683 5854.4097782157 0 122.217054187 248.4467597314 596.6294180462 0
2.2692544348 0 54.771346506 37922.4908669384 8234.0838331747 331.3201109595 156.3350481184 98.3293791296 77.2876090743 211.5620382074 192.365251185 27398.9877560776 0 132.9358827384 254.0041175309 675.1226152237 0 0 69.6693977575 0 0 135.7451868626 98.7237722637 3.7960339163 0 22.5543573596 126.3044012137 1122.4630276411 1370.3376185453 1323.9508609236 0 23834.6463609146 25275.6416009229 10.5828824332 144.6660906528 531.4148700086 259.5413074996 18.8711139041 569.5477561674 52.6335564493 0 0 0 0 0 75.2327312105 134.6269926925 234.3815651932 20181.7151549483 30.8448297005 0 313.3528146546 467.0981639166 0
0 114.5219063308 154.3556128806 92.6704352198 44764.4334156851 311.0843071765 65.5529194197 68.8305653907 28.3387899939 0 12130.6170377585 15075.9486984254 0 3.5928616956 78.7837633313 544.3685929869 95.5850602377 80.1499471237 36.6681040829 223.0524730232 53.2766861624 0 89.5100614497 264.713982602 194.0025802571 112.771786798 90.2174294384 0 0 0 0 36042.1603493967 227.1316035263 0 181.759960051 443.0080635952 164.9474587942 14.153335428 400.2761650747 159.4326775262 50.6586029517 0 69.0501706586 29.5929302822 0 0 83.7480375162 166.614666134 18211.3957767165 1513.5680584333 101.284339809 230.8798322142 89.7543162884 457.1599051099
0 24.8960665937 0 0 43107.071712017 145.7155648072 136.312126993 0 0 305.3588841209 490.2351474971 25824.5980019211 0 0 9.7724344208 325.7119601049 116.1472840958 0 0 0 404.9028148341 277.0387680444 0 0 307.0290792876 186.4105124246 0 0 7235.5297166314 16407.5790211146 27494.42491889 10297.7600998276 191.2478039716 2.8518806557 0 394.5455133223 148.8550237899 0 281.0768159293 0 0 40.6822493536 223.8942932167 184.6095998366 0 0 0 0 18875.3640876365 1625.7333163962 1606.1705205939 568.023217556 211.375299034 2.5530979783
780.8311795282 0 0 49.9549697465 44155.714503555 0 229.2522135791 0 323.8654831586 81.5191187428 278.03147349 27115.6857561584 102.5526722745 26.9875453354 0 75.9445809394 133.1958236678 0 0 155.2922965743 183.5272595878 412.532977458 287.6941052769 31.6231585751 1192.3901254578 2395.6880595106 5459.7679074799 15732.3227006428 14831.3285978347 10903.1991251167 2156.3646288333 182.9065385755 60.6797739515 92.3387864479 0 360.5291055013 104.600827528 0 182.8490229101 0 85.3562352772 197.3862940786 32.008588229 400.5488042678 14.2317658809 1.5813073201 0 28.6741735493 17418.2681961003 1.8576812967 892.1830016518 727.0697184717 547.4550180444 111.0657377101
1358.3086279535 57.815195032 0 19.1265730932 42849.6106789087 0 198.272184717 164.3790247504 115.0731603706 256.7723390369 12.4704419976 28451.5087467682 25680.9350741077 5456.1660823039 0 66.3118274203 31.9279169061 0 151.6307148628 0 14.7001077277 94.1165433783 586.4603496212 2925.1234942815 6613.7084371409 3179.4659831945 11200.8800413854 10493.3641552356 7045.317194637 0 2292.2958079126 82.6029529051 186.3604663261 121.2086626508 0 340.6757435453 0 0 182.8490229101 0 0 42.6781176386 197.3862940786 542.177769005 613.7421958938 0 12942.695656645 16607.5333523054 2379.3199974864 974.2436639974 610.6878899741 0 940.837519795 55.9709589558
717.9493772443 339.5089971901 239.9053099415 0 61191.3989508223 179.7200213211 0 139.5031259875 12.3090993518 234.4443095554 36.9295389256 125.560432347 868.7539580042 39515.8324063218 27713.3235657408 12798.6689609218 0 92.296956873 257.1129512891 0 123.925344145 1497.3605920982 1267.1418165577 227.6895801763 1761.5800893691 9.6312596057 16596.926567258 11464.8754516482 2516.6435038423 0 1504.5306293989 259.4598892201 83.8324436225 0 0 152.8071716551 3.8430921879 31.6933725043 159.9697393888 45.7929270504 0 42.7834385324 143.9079296089 147.7973331119 534.3205315463 3517.4713565606 14831.4615561261 497.6793179043 306.6951896456 395.3230952402 884.4445303074 379.047655846 194.1923072573 631.3950234308
54.649592565 0 84.3560602647 23046.1006126562 95382.9434669007 65.1682367226 96.8959692348 0 172.3273909257 133.9681768888 51.7013544958 0 399.5112814206 613.3410801494 116.2802423872 19458.4317599558 8839.9067942043 184.593913746 0 0 1000.4902282929 133.0987192976 168.7166022695 2.9952963409 2065.4614931503 0 8287.3672419474 21899.5377742567 0 1133.9161146222 450.282674833 48.6448077061 0 0 0 185.846560121 0 219.6620365915 203.0736223427 289.4255508923 517.8852434196 0 7.8318409311 80.929022955 9713.8849673226 20608.9833470985 150.5506154841 315.520482979 98.7379644409 454.5985906079 11.6151765836 727.439462035 98.1740121373 541.8483611031
62.6868465868 0 0 33682.7624338821 84673.8387977144 7.5875860924 0 0 36.9272980555 0 0 0 59.5847354388 1022.0653254273 0 9.9136092359 27230.7701208794 44.9047955419 21.6781771581 55.8872998061 731.4035612073 101.5823755297 150.9569599253 1566.0992818156 174.0110313128 0 12130.1823089629 6573.333933945 0 811.6080361696 1003.5452811692 113.5672956765 42.5877358787 0 41.2992355824 28.9094649077 171.2921089486 95.5641454503 123.5795031959 156.2917246301 116.395273718 706.8264451217 840.5503671718 790.242833866 15978.7272807742 0 327.2880387281 0 339.9168355447 87.113824377 281.9925848355 456.9970685507 0 140.1104017793
230.7991608913 93.6862963229 0 40.8540493931 108279.3293024634 22828.155829503 73.6409664967 0 27.9742751275 54.1812507182 169.3164084943 0 0 659.8264360547 0 0 21584.4027209315 10613.2716193263 0 47.5042048352 0 853.2919544492 0 1609.6020396438 0 47.8918753591 12585.1454144373 6750.9916078354 184.3997050057 128.0985911915 1262.0789440893 175.3585411879 23.0734922616 0 0 4.3921053577 39.5289482189 0 0 30.1314860582 196.4682843023 0 63.8274494578 697.6142282211 10090.7739183245 5532.7978634013 219.3124608589 109.0317746337 136.4256644104 174.2463226713 627.7633199871 69.9024482458 0 47.7589170677
