data/patches/PatchElevation.asc
NCOLS 129
NROWS 129
XLLCORNER -27000
YLLCORNER 2099760
CELLSIZE 2195.348837
NODATA_VALUE NaN
[rows 44 to 65 of 129, columns 50 to 99 of 129]
2.6071375718 -0.6551607743 -2.8941031622 -3.4796718562 -3.4796718562 -3.4796718562 -3.4796718562 -3.4796718562 -3.4796718562 -3.4796718562 -3.4796718562 -3.4796718562 -3.4796718562 -3.4796718562 -3.4796718562 -3.4796718562 -3.4796718562 -3.4796718562 -3.4796718562 -3.4796718562 -3.4796718562 -3.4796718562 -3.4796718562 -3.4796718562 -3.4796718562 -3.4796718562 -3.4796718562 -3.4796718562 -3.4796718562 -3.4796718562 -3.4796718562 -3.4796718562 -3.4796718562 -1.7164589789 -2.2280026879 -3.2896836873 -1.5561884451 1.0434099425 -0.9110554834 -0.3451477421 3.5170970878 -0.0562758574 -2.1316160965 1.1082109949 1.3703878799 -0.6194488528 -2.6122336893 -3.3149244966 -3.2149142028 -3.0190533735
3.9911720524 -2.1469169351 -3.4796718562 -3.4796718562 -3.4796718562 -3.4796718562 -3.4796718562 -3.4796718562 -3.4796718562 -3.4796718562 -3.4796718562 -3.4796718562 -3.4796718562 -3.4796718562 -3.4796718562 -3.4796718562 -3.4796718562 -3.4796718562 -3.4745883327 -3.4156817471 -3.1403215266 -2.6168637763 -2.7997887203 -2.7024864516 -2.7778788097 -2.9714038635 -3.4796718562 -3.4796718562 -3.4796718562 -3.4796718562 -3.4796718562 -3.4796718562 -1.9520009611 3.8802818471 5.1402315256 4.849077307 5.0629413693 6.2660323481 4.3039644678 4.3039644678 6.6307004757 9.4835787118 9.8487326274 9.724898449 11.6368383277 8.7692715814 4.4818674176 1.2252033941 -2.5892102029 -3.4796718562
4.2492710821 -0.8658682892 -2.9413301544 -3.4796718562 -3.4796718562 -3.4796718562 -3.4796718562 -3.4796718562 -3.4796718562 -3.4796718562 -3.4796718562 -3.4796718562 -3.4796718562 -3.4796718562 -3.4796718562 -3.4796718562 -3.4796718562 -3.1600643824 0.5275208625 0.6225822611 1.3138968238 0.4930051362 1.1806457286 -1.6416423998 -1.2060190171 -1.0944085758 -3.4796718562 -3.4796718562 -3.4796718562 -3.4796718562 -3.4796718562 -2.4953418261 3.6265014676 3.947666125 4.3017235977 6.9123372415 8.1063673775 9.2884064834 5.4266403781 7.0325972691 9.4213647748 11.0093947052 11.7345233912 12.4390698165 12.1664306234 7.8729235493 7.2484677535 6.1616457645 3.2252623563 -3.1860335154
-2.4174839787 -3.4796718562 -3.4796718562 -3.4796718562 -3.4796718562 -3.4796718562 -3.4796718562 -3.4796718562 -3.4796718562 -3.4796718562 -3.4796718562 -3.4796718562 -3.4796718562 -3.4796718562 -3.4796718562 -1.8894731302 -2.2419150635 0.259506842 0.8400317355 0.5015784503 2.2863395334 1.9528432313 1.6408083175 -0.3906301972 2.1545531736 -1.0105880771 -3.456204762 -3.4796718562 -3.4796718562 -3.4796718562 -2.3979073863 4.5055429554 6.4970293199 5.8800430911 5.7859265477 8.0775896833 11.933380135 11.9176940445 9.0800055659 11.1595330006 12.9029299232 13.2539995691 13.1815447698 13.763424034 11.6883783396 8.6505054672 8.3158688685 7.5285765136 6.9390378718 4.9227332158
-3.4796718562 -3.4796718562 -3.4796718562 -3.4796718562 -3.4796718562 -3.4796718562 -3.4796718562 -3.4796718562 -3.4796718562 -3.4796718562 -3.4796718562 -3.4796718562 -2.9600146168 -1.5742468605 0.1396960529 4.1468715714 5.3018353401 3.3989383876 3.6070538728 2.7616416119 2.3071228661 2.5131767468 2.3347156264 1.2321604523 1.9605641382 -0.4710874459 0.4730180038 -1.1561676436 1.9347514399 1.6398673522 5.506185123 8.1687183999 9.3720656331 9.9666431611 9.3108151842 13.8194457861 15.3462252675 14.2646319754 14.9301703893 14.1593110816 15.0593938972 14.8360538459 14.3594954754 13.9479223373 12.6340255135 13.3750065534 11.0340442761 7.6578000215 7.5907190925 7.4932294703
0.8577379667 0.709703456 0.7960917209 1.328872199 3.085837709 0.0013378869 -2.5456912734 -3.4442534549 -3.4796718562 -3.4796718562 -3.4796718562 0.1027756504 0.2226820611 4.6767703895 4.4032496114 5.5096506499 6.845111139 3.8632178385 2.8556154392 3.9192817707 4.1106721211 3.105313049 1.8124111749 1.8876875375 0.7678704564 2.0290075259 4.4986808025 7.1062450901 6.6777928397 9.4555163392 10.4328154959 13.344381329 14.8345599325 15.32306961 14.9122434286 16.6795429654 16.8871969262 17.1882204736 16.1312767524 15.0250338893 14.5664024795 14.3833980896 14.599268574 14.2228024005 14.2855467628 11.7496287884 11.7391713947 7.7033643798 7.6085008798 6.8488459225
11.9162001311 13.9740658216 12.0095697178 9.2361195149 9.981582295 6.8234493949 7.3007547221 4.6075410384 0.3549225738 -2.9262880274 -3.4708535492 4.1824959591 3.588533933 6.1659985071 4.3104339972 4.4613825195 6.5351241112 4.0776365897 3.6914599792 2.8055060705 5.0100687931 3.599967817 2.4987297479 1.7851752049 4.9731273005 4.8289330235 7.0781616274 8.2456549393 12.369602844 13.130004758 15.8429514687 17.8806493285 17.2883126706 17.143403072 16.1088680516 16.5129716227 19.8414106489 20.7639021653 17.484762281 15.3447313541 15.164714791 14.8315721057 13.9927397389 14.1369023808 13.4026439511 10.6486146222 9.8859718382 8.180669707 7.1416529464 4.932155047
20.8953665434 19.6225523377 16.9282795443 15.4321252873 15.2887096021 7.5158782498 4.800690669 6.4910536663 5.2657437973 4.4642624388 -2.2778744351 3.3704728465 5.148100063 5.1350133738 4.5371763052 6.12877967 5.5767786735 4.0186270109 3.9118122037 2.7039255909 4.0242367617 2.2948900165 3.2319216963 6.8065678255 4.0485052787 7.0512711864 7.4479051907 10.1608519014 14.0002093059 16.6339786071 18.2317189744 16.2709576541 20.3590516375 20.3881829485 19.6905253968 17.4631005368 19.816761078 19.0287217664 15.7167157875 19.0436609002 16.8528369183 14.0883501957 15.5015922598 18.5872703605 15.6367914213 11.1894112683 13.8470831837 10.1122997163 7.578622612 5.9524978903
22.4706982099 21.4384040595 16.9170751939 17.8037127891 16.0222210751 10.6680354963 6.4230806072 4.9157219998 5.8471769966 5.0603096166 2.202839992 0.6455706307 7.2754717327 3.5316435982 4.9496229405 5.9711718077 5.3788351497 4.4786574288 5.3516016369 2.4685108655 4.8955808898 2.8974935412 7.0203450703 6.8506171803 6.6748050129 6.8383885288 7.6047660963 9.3578734559 13.0403699548 20.2806211846 20.7691308622 20.7146030236 22.8352130763 23.4432358248 23.986273341 21.8507241543 22.1666868357 21.1142248546 19.3715748887 19.2804461721 19.3185409634 16.6033533826 19.6845497432 21.7595954377 16.205225465 13.5565170299 13.0015282067 10.819667705 8.3733845339 6.650155442
21.4346692761 17.2180987414 19.268494865 16.3725437644 15.4754487755 10.1668275549 5.8210335123 5.378088193 5.0321920616 3.7824628717 6.8282717497 4.9542052166 5.7866735044 5.0403825808 6.8129920012 5.0337411574 4.7364523933 4.9971061871 5.2602961119 1.5766291141 2.1587769186 3.3481502468 6.8010406941 8.9619864084 10.1481536376 11.14384691 15.0571530271 11.8624192491 15.6099009803 24.5240821603 27.1884766859 30.171074763 27.468585446 28.2655882379 29.3165563057 28.0400073165 23.2833870924 22.9792199998 20.7758534724 19.9997654679 19.863072393 21.2725796736 17.6513336236 20.4008812123 16.6212803433 12.7654898916 13.8552997073 13.5639865969 9.5700091569 7.8512618052
24.2394916601 21.1508257325 18.2145389705 15.9587297562 16.1506976264 6.5463284616 4.1463566055 5.7112308783 6.0761707197 5.2169304435 6.7831137335 7.122979029 7.5113965096 4.6689366606 4.8145714094 3.1738189906 6.0040379022 6.4340132439 4.1721496464 1.2593096048 3.1259585799 4.1590548693 7.624933927 8.6370602467 11.7354366112 14.0920849792 16.9648804223 20.3866890351 23.03091573 26.7477722368 31.7471533862 30.7029079288 30.2472643457 30.55127572 30.5602392003 30.1890017236 24.3007421089 23.5135949273 23.1564044545 22.5745251903 22.4251338516 18.5230320849 14.5193442078 14.7695747002 15.5120496535 15.079561728 14.3721937392 12.0872532139 12.1865984541 10.3849389094
19.4978105699 16.4771177015 12.3882767613 9.2069882038 5.6283186854 3.6795086721 5.8382135162 6.2228962134 6.3954432096 6.4178519104 6.7255980681 5.4288812482 7.3134529859 6.0077621406 4.1937822126 3.7870704359 5.6335473822 5.0011629523 2.6295712525 4.1648301672 4.3540105663 6.8884346273 7.9879548801 7.5121434663 13.6244900891 17.2756144068 20.3433655469 25.6587093777 28.6174048406 31.5036455042 36.2789396456 37.8587530523 34.1590765495 32.547144005 31.499163764 30.4130887317 29.456984164 27.1585984182 25.0275309717 23.4088758169 23.976562904 20.2417794366 15.3544417912 15.4276435471 15.7353897048 14.3124372037 13.7163657624 12.0267497217 15.3387557006 13.1270169312
14.9981434484 14.0397980106 11.1699903943 5.2899473032 6.1922709889 5.7724813272 6.1900301189 7.2858155882 8.319603652 7.8281061477 7.4314721434 5.1614707519 8.2075601479 6.0436266069 3.8339550727 4.73719935 4.262134893 3.9556165656 2.5165983527 6.6934789303 7.1633146905 11.116956469 13.354091766 13.3032987109 19.0787678648 25.2538588498 26.1621581891 31.5858107404 33.0692667337 35.834500413 38.7080428128 39.2473455455 39.1913237935 38.480967978 37.5704277686 36.7375710554 35.1226506841 35.1906237432 30.4691104837 25.5324736965 26.9098618393 23.0682635647 17.2584344028 18.7598173567 20.8348630512 17.7387275567 14.8554747199 14.9077616885 15.703270567 14.2833058927
21.1261761617 18.7090243016 13.3936804708 11.1729782211 17.4429327061 16.5473316306 15.6823557796 15.9953306342 14.0539901878 13.6020813883 10.7419842089 7.6794617657 7.483759112 9.3063334441 4.414517232 3.465132101 3.3732564278 2.318826723 5.0061726606 7.6085008798 8.4323941127 13.2442891321 17.7850388717 19.8145202079 23.9272637622 30.8104696926 28.991630144 31.6074724846 37.376965985 40.786076334 42.170187087 40.4835588732 44.3826728131 40.3872014597 43.2166734146 38.873120242 38.2389540093 37.2148763825 33.2298624228 29.2336441127 26.0374164213 22.9980496355 21.6475519337 22.7791913243 22.4766738635 18.8666321639 17.1456439421 18.3534729155 17.9934397892 15.5142905236
25.0088570544 17.1986778674 20.3792194682 26.74478441 27.0487957843 26.9292827133 26.7888548549 25.138827519 21.5160875557 20.4300125233 17.2666509265 10.5657024293 12.6041472458 15.2857217754 6.7374414677 4.2964949009 3.5413216838 2.1624224274 6.0525900873 9.3152969244 10.6172424411 13.288359577 20.1947211649 22.5797538872 25.5406902201 33.4957790057 32.8511553792 30.9867514723 38.1463313793 44.926457286 45.3716434753 48.1234319341 46.8692916457 46.7064550865 45.6211270109 41.7944678702 43.152435139 42.2613158036 37.3463407606 34.0403104352 29.4786459081 24.227540353 25.555629354 25.0529274993 21.6669728077 19.7204036645 18.1316267775 23.0159765962 21.1889205239 18.5902581873
26.1524477521 21.7603423944 30.1135590976 30.6252244326 29.7415746642 32.2095195795 33.0961571747 30.8493114407 32.1161499928 26.0194894606 27.8211490053 25.4084788854 24.9655335661 23.057806171 12.7878985924 5.5760317168 5.0179285264 3.2973343608 5.4725980763 9.6282717789 13.6857405379 18.471492073 26.1076303505 25.4159484523 29.2254275891 33.4965259624 37.4576373079 39.5028047346 37.4075912094 42.2344253627 47.1015951774 48.4266963516 49.568793136 52.8509208471 47.9635832017 50.8640160424 56.2122259678 53.3005887766 43.3369334423 38.3749001275 33.190273718 30.1845199835 27.7935116077 27.6590594028 23.8757237504 24.2596594908 22.7209287022 27.4297436979 23.1108400962 22.697026088
23.698695014 29.2321501993 32.5979370601 32.1602204377 36.8174954216 37.3612798944 34.7043549357 32.0959821621 31.5581733428 29.5137528727 29.325519786 27.1033236229 26.3145373546 21.8410137173 15.3275513502 7.3866547418 4.3317445816 2.3335809606 5.5339012503 9.352644759 12.0073288477 21.571362351 28.6315970177 31.4371663584 34.5206035891 32.3297796072 40.8936380979 39.0172828839 40.1421996642 41.0295842161 47.3944022012 48.2885093633 51.2561683065 54.7549134588 55.6258649634 61.7606202869 65.1376114981 59.4555119308 54.4658412184 42.2493644966 35.5872577474 33.1178189188 30.1411964953 30.329429582 27.4558871822 25.6183737162 23.0809618285 27.4909941468 23.1474409742 23.3296984074
29.9843355896 30.1382086685 30.5856357279 37.8557652255 35.5342238222 34.5654209907 32.1071865125 35.5073333812 33.3725311512 33.3180033126 30.2876000072 29.8730390423 26.318272138 20.874451756 14.1645397784 8.2546184196 1.9152665793 4.6567104663 6.0391448668 8.2508836362 10.0263996966 18.7284451756 28.4762300255 31.8218490556 38.6326001867 32.5822509695 37.2410198668 37.8430669617 41.0198737791 42.7117306898 46.3748063146 50.5868951092 52.8897625952 60.7484939673 64.3757156708 67.8117164608 66.9056579916 63.9678773161 56.6208112791 44.0390727341 38.0342878753 36.4305718544 34.0649600061 31.9794569179 30.6259713893 30.2099165111 25.1052144678 25.8110885432 23.2423044743 24.0534994434
27.7860420407 26.4146295515 35.6350629758 36.2789396456 32.8989606076 31.7247446854 33.1872858913 32.0324908431 32.6382727216 31.3542541655 30.7469783737 29.873785999 24.6107291367 21.3913457878 14.3378337313 5.543912579 2.864722352 4.3584923064 5.5259856184 7.3769443048 13.1195473643 22.2802242531 26.3399338821 37.0535337367 37.8430669617 29.8132825068 34.5758783844 39.0045846201 40.6269745583 45.0795834081 43.7768909347 51.4623283539 64.4100756787 75.9206783252 75.0923033521 77.3951708381 74.6635502101 65.5364863725 59.6669006751 49.6651505494 42.9515037884 41.8624409293 38.436897533 37.2051659455 35.724697779 35.4826838103 29.6668789949 26.2338660317 28.6315970177 27.1847419025
26.9636427212 29.2239336757 30.6760174878 30.8590218777 31.7493942563 36.4395353347 37.8385852216 33.4405042104 31.433431575 32.1056925991 33.124541529 30.8074818658 29.6967572626 26.1554355789 14.0835570188 3.6919359385 4.8307724659 4.9515759211 6.9691059502 16.5548011976 28.8302874982 31.4521054923 41.5576825984 48.1069988868 37.7870452097 37.2910659652 39.1106524706 48.2548963121 46.6377350707 48.8158607889 52.8897625952 70.4925440337 87.6531271097 87.635200149 84.5480281349 83.4880965868 81.9516066683 75.6637252226 70.6800301637 62.8489361893 49.8638410299 44.0726857853 42.418923666 40.9160467987 41.5442373779 36.5157249174 33.2649693874 30.1748095465 30.8694792714 30.9210192833
31.6754455437 32.3536822213 32.391030056 31.9510725636 36.1131152596 39.1502411753 39.2906690337 36.6315032049 35.836741283 36.3663335787 35.4625159796 34.9306828138 27.646361139 10.8614972799 6.2469236272 4.6237097435 5.0061037597 5.375847323 11.012382532 30.9479097242 37.4509146976 43.5430934897 50.4860559555 50.4860559555 39.7201691324 44.916746849 45.4448452313 57.1772940157 54.2805959584 63.9589138358 76.5234723768 71.3761938021 91.273626203 91.8009776286 89.7080049734 89.2837335715 91.0547678918 84.5726777058 78.8875903117 66.6845588103 54.0796646079 46.0304592789 46.2328845429 45.5546478652 41.5360208543 39.1547229155 33.1686119739 30.9583671179 33.105120655 31.7919707878
35.5730655702 37.6630503986 33.9118338839 33.6541338247 38.890300246 39.1465063918 41.1356520666 40.6068067276 37.4128199063 38.203100088 37.3889172921 34.1411495888 16.241826343 7.2387573165 4.1592583985 3.970479427 6.6650945759 5.1861203228 9.835178783 32.4089570167 43.3593421431 49.3417183011 51.9642832519 45.0736077546 47.9426684142 47.5572387604 51.4705448775 62.9049579413 68.4600748707 89.2075439888 93.4368127873 73.5625360439 97.9364799088 100.718893592 92.6188952079 91.8823959081 92.3694116723 88.137155047 84.6750107728 67.3232067833 52.6948068982 47.3189595752 46.8267151142 46.15221322 44.6836963606 40.5970962906 33.9230382343 35.7949117082 38.4749923244 37.0124511186
