data/patches/PatchRoughnessBAK.asc
NCOLS 129
NROWS 129
XLLCORNER -27000
YLLCORNER 2099760
CELLSIZE 2195.348837
NODATA_VALUE NaN
[rows 46 to 68 of 129, columns 53 to 105 of 129]
0 0 0 0 0 0 0 0 0 0 0 0 0 0 0.5882661742 1.4393897463 2.1634990455 0.2266393148 2.5988029037 1.5755710289 4.4955118693 1.7318772456 2.7999799636 0 0 0 0 0 0.9566293623 3.2278951335 1.5409716586 1.3729064026 1.642557769 3.9040044793 3.0341380889 1.8024065014 1.4879377334 2.6038910335 2.1131404859 4.6782027735 4.2860375072 2.4574875215 3.2208772623 2.4776553523 1.1637585284 3.9300467113 0.4894253548 0 0 0.0711693294 1.1404724407 1.036571645 0.5596020182
0 0 0 0 0 0 0 0 0 0 0 0 1.6008961984 1.6019018666 2.5800688897 2.1024204907 2.2310552176 0.8221244323 2.4799847806 3.7025201807 4.5083008404 2.1019224169 3.6938227835 0.0916275068 0 0 0 1.0197776094 2.4763747968 1.6022221075 2.0414326433 1.4326629381 1.5267794815 2.4328379507 3.3889425183 2.2685074781 2.1609457142 2.1288265764 1.7598299698 3.0841841874 3.3822199081 1.9174378322 1.744890836 1.2242620206 1.7262169186 4.0801428265 2.4301211213 1.2855166675 0.3483454451 0.3265174375 0.539236289 0.3647784923 1.5921249858
0 0 0 0 0 0 0 0 0 1.19855334 2.1526806634 3.7913788493 3.1196359646 2.0599768467 5.3157114744 1.9697248007 1.9918399813 3.8229278389 3.5026194784 7.1905137028 2.8768377735 5.6098559769 6.5261862272 4.9993311896 2.6848196352 1.6208320383 2.8824468079 2.5115133965 1.9368587062 1.7306986588 2.1564639741 2.8989389274 2.6091197303 2.283446612 1.6276186351 0.8761802015 1.2040941899 0.8126888825 0.9964402291 2.0690700409 2.7995936872 2.6404919114 2.0279874228 2.0511430803 1.0449924142 1.3843086515 1.3272625984 2.2215588548 2.0202130743 3.740302819 2.5655976273 2.9055286502 2.9470865113
2.4799984992 3.5635106797 2.6687433783 1.4781527648 0.1185179478 0 0 0 2.8287260227 5.4377420435 4.3368210418 5.3560365908 5.4123567773 2.2983857458 3.971761007 3.0991233212 1.5237916547 5.7724239958 3.5157420007 5.9559580947 5.6130522472 7.5367205546 8.0277695367 5.4671433275 0.7014028802 1.8464769463 4.0217965605 5.3958165388 4.3853827474 1.7956838911 0.4055974846 0.7439688667 1.4774803397 4.9015298226 2.3529135845 0.6468644966 0.4705827169 1.1293985205 1.4744925129 1.4416264184 1.8920413046 1.2100698434 1.6380760288 2.6718640926 0.8926132487 0.5490131697 0.808954099 0.9635741346 1.8250837424 2.143185017 1.9435813164 2.3872735924 2.0533839504
3.6234869201 3.8879095896 2.7898832501 1.1659993985 2.2594297432 4.4439708329 0.6480518876 0.3262773589 1.4503280137 3.768901964 4.0467333045 4.2912939493 4.4621547643 3.0371259157 2.673358006 2.3342396671 4.7908424302 7.3969908176 5.8002406591 7.1364530192 7.2056904581 4.3170806432 7.43785199 2.1161283126 0.9964402291 2.6711171359 3.1618676835 3.7183504201 4.142621822 3.52862342 1.3348116112 1.4102542373 1.7658056234 3.0416076558 3.2417920497 1.1809385324 0.0351069646 0.5811323075 1.2690794222 1.5566577492 2.451511868 1.7247230052 1.615667328 1.7770099738 0.7850514848 0.5393027327 0.8739393314 0.5280983823 0.733511473 1.1010141662 0.4250183586 1.4236994578 1.4692638161
3.2358163962 3.518912983 3.5868860421 2.1601987575 1.7799978006 2.140083652 1.9068320916 1.2885182128 2.0034928539 4.192323416 3.0575728317 3.991204712 3.7616739084 3.8281530541 2.8810119667 3.0490772228 5.3988458294 4.9127190218 10.2249649692 8.7540019698 2.7908038418 2.1206100528 1.2638507254 1.0815932922 2.2924100923 2.2169674662 2.7622458525 3.362799034 4.0081696172 2.2602909545 2.5605675452 2.0332161196 2.4537527381 2.0541309071 2.4037066396 0.8022314888 2.1198630961 3.1334833291 2.2692544348 3.750469558 2.7891362935 3.8998608967 1.5544168791 1.986157848 1.9562795802 1.4617942491 1.077111552 0.3398652955 1.8263091156 1.8031534581 0.9710437015 1.3437750916 1.6709421233
2.9400215455 3.019198955 4.1717531331 1.8442360762 3.4285312231 1.3138968238 4.0878904542 6.2943108439 3.8587452107 1.3582389825 2.9734433534 3.817939937 3.2948259749 3.835622621 4.618305979 2.5281102499 5.6293643847 4.1924264092 4.8961197111 0.97078499 4.5339624265 1.3661837924 2.1295735331 1.5267794815 1.7725282336 2.7368493249 2.517244057 3.1588798567 3.9894956999 1.5095994775 1.7187473517 2.6061319035 1.7232290919 1.0688950284 1.615667328 2.9347928487 3.1439407229 2.7062241005 3.1409528961 4.7073210823 2.3357335805 2.5814823327 2.2826996553 3.0864250575 2.8653258762 2.1437657103 1.1674933119 0.5953244847 1.2922350797 1.7807447573 0.845554977 1.0218367567 1.1570359182
2.9355398054 4.0910818102 3.7758660855 3.6526182311 3.138712026 3.3068925611 9.3529947942 2.5895796874 3.4167640959 1.5603925327 4.0049800021 1.7687934502 3.855043495 2.924335455 4.4547614698 4.5826183211 5.8505373812 5.1831725272 0.9926024525 1.047980241 2.4492709979 2.5314362342 2.4746675255 2.6621536556 1.7859734541 3.2268529158 2.8952041439 4.3786601372 2.9116371912 3.4404825302 2.6389979981 1.4244464145 1.9562795802 0.9770193551 1.4031382872 2.7092119272 2.5456284114 3.2223711757 2.283446612 2.9698998133 1.9241604424 3.0177050417 2.5008110098 2.5105214468 3.1133154984 2.422380557 0.8440610636 0.911287166 0.5915897012 1.5245386114 0.4668479334 1.0420045874 0.9068054259
2.8668197896 2.3939962026 3.5032268924 2.7413310651 2.675598876 2.2778270325 3.6885427941 2.4462831711 1.5409716586 0.770112351 6.5451357481 3.1888003046 3.6451486642 3.4696138412 3.9331431619 5.8904034304 4.1563380399 3.990909451 1.0935445993 1.3953151034 2.6741049627 3.0274154787 2.8354476084 2.6531901752 4.2882783773 2.8713015297 2.8586032659 3.9655930857 3.3187285891 1.3370524813 1.3691716191 0.7499445203 1.198865493 1.1181941701 0.6397485465 0.8231462762 1.8068882415 1.7299517021 2.6419858248 1.6500273359 2.702489317 1.4565655523 1.2115637568 1.5626334028 4.7379463067 1.9540387101 2.5389058011 2.2998796592 1.374400316 1.7687934502 1.8875595644 0.7252949494 1.2018533198
4.8462550273 3.5323582035 1.9316300093 2.0108074188 2.5217257972 2.441801431 2.2251839899 2.3155657498 1.6134264579 0.947888044 1.1264950541 6.7148464379 3.2597190103 2.1258387496 4.2876945104 5.9938289831 3.3108600517 4.1164783378 1.2190333238 1.8726204306 1.2683324655 2.5008110098 2.2065100725 2.7898832501 2.4754144822 2.9930554708 2.5403997145 2.3865266357 1.9316300093 2.183354415 1.5364899185 1.5469473122 1.8890534778 2.0601065606 2.9370337188 1.6201490682 0.4870157641 1.708289958 2.4940883995 1.8419952061 1.635088202 1.8322847691 1.7105308281 2.4903536161 1.988398718 0.7379932132 3.0841841874 2.563555372 0.9710437015 1.6238838516 2.5620614586 2.590445813 2.4059475097
2.712199754 2.6442266949 1.9831700212 2.3932492459 2.5799884193 3.0109824314 2.5486162381 1.513334261 0.9904645756 2.4380666475 1.449842942 4.9855038907 2.0541309071 1.5178160011 6.1125212821 3.6830124893 0.9927054456 2.573265809 2.4963292696 2.1938118087 3.0012719944 2.3573953246 2.5082805767 3.6892191091 1.7404090958 1.4625412058 2.0160361157 1.3497507451 1.7329395289 1.2294907175 0.8829028117 1.6515212493 1.7404090958 3.4733486247 2.7353554115 1.9293891393 1.708289958 2.5030518798 3.2022033449 2.3865266357 2.5202318838 2.2072570292 2.6845623564 1.5663681862 1.8546934699 0.9150219495 1.6029690642 1.0890628591 1.8621630368 1.2100698434 1.096532426 1.1727220088 1.2511524616
4.4869688577 5.7089900083 3.6436547508 3.7721313021 3.7579391249 4.3726844836 4.4541027632 4.0081696172 2.665888439 1.5095994775 1.8434891195 4.8216194831 2.1863422418 1.5185629578 5.1124784407 2.2205117227 1.7598299698 1.4954073003 2.3812979388 2.8197615179 3.2955729316 2.97288764 2.5463753681 3.9753035227 3.5435625539 2.032469163 1.988398718 1.7964308478 2.2722422616 2.4701857853 2.0123013322 2.2319066001 1.7015673477 2.6584188721 1.4244464145 1.7702873635 1.9921335015 3.4442173136 1.8517056431 2.3095900962 1.1084837331 2.0944665685 3.1036050614 2.385779679 1.5454533988 1.5290203516 0.4474270594 1.9473160999 1.5335020917 1.4931664303 1.1480724379 0.7820636581 1.3146437805
3.4113512191 3.7788539123 3.3075242387 3.6346912705 2.963177203 3.2163955221 4.2830496804 5.5192630081 2.9452502424 3.0894128842 3.204444215 5.0655133335 2.0175300291 1.5372368752 6.3607615281 1.6149203713 1.7725282336 2.5859640728 2.2602909545 3.2066850851 3.4643851444 4.6587688972 2.6584188721 3.119291152 3.5121903727 2.13480223 2.0362039464 1.4588064224 2.8892284904 1.9331239227 2.5015579665 1.2563811584 3.4718547113 3.4300251365 2.4253683837 1.7971778045 2.0003500251 2.5702779823 2.5852171161 2.9751285101 1.8561873833 2.6576719154 2.8018345572 2.5560858051 2.9825980771 2.5583266752 2.1221039662 1.9630021905 2.1475004938 1.3228603042 1.4184707609 1.6149203713 1.7366743123
3.0595346165 2.5837232027 1.9166908755 2.3887675057 2.5082805767 2.8466519588 5.4527838624 5.3086212206 3.565224298 3.5682121247 3.6683043217 3.5283541634 4.7073210823 4.0217301167 5.7855626939 2.4164284506 1.8853186943 2.3417092341 3.1887581245 2.1475004938 2.7092119272 2.999778081 3.4718547113 3.1835294276 2.8182676045 3.7482286879 3.9581235187 2.0496491669 2.6531901752 4.1217070346 1.7411560525 2.0137952456 3.1155563685 2.8653258762 2.7151875808 2.4948353562 1.9801821944 2.4642101318 1.8898004345 3.1461815929 3.0371259157 3.2036972583 1.8614160801 1.5947525406 2.2020283324 1.6388229855 1.2145515836 1.6492803792 2.1131404859 1.4901786035 2.1631865843 1.2518994183 1.1129654733
3.3956651286 3.1715781205 1.9241604424 1.7344334423 2.2632787812 4.1336583417 3.7415060776 4.0910818102 3.2537433568 2.0735517811 4.1814635701 4.8268341533 3.1558920299 3.5421522844 6.6146076349 2.1022475722 1.6754238635 1.7023143044 3.9207756841 4.0119044007 2.3536605412 1.9943743716 4.4600784168 2.1146343992 2.7891362935 2.2587970411 5.8755613509 2.9908146007 1.5514290524 2.0205178559 2.5777475492 3.6331973571 2.4634631751 2.4074414231 3.3478599002 2.9840919904 1.9002578282 2.081021348 2.8302189116 3.4083633923 2.3170596632 2.1841013717 2.3641179349 1.9002578282 2.0309752496 2.0660822142 1.2758020325 0.6632975438 1.9697248007 1.3392933514 1.3490037884 0.7656306108 1.1764567922
2.5822292894 3.5248886365 2.7151875808 1.9390995763 2.0235056826 2.0287343795 1.8278030289 2.1422717969 2.9153719746 2.2042692025 3.3090181521 3.9730626526 3.4516868806 5.1162343142 4.1546543159 2.368599675 1.216045497 1.3490037884 4.4593314601 3.8714765423 2.4731736121 1.7874673675 4.3569983931 4.8656759013 2.7211632343 1.5910177571 2.7435719351 3.4374947034 3.5472973373 2.0959604819 3.6556060579 3.241045093 1.912956092 2.9303111085 3.1379650693 3.7280608572 3.0408606992 1.6216429815 2.1064178756 3.2373103095 2.7876423801 1.6343412453 2.3461909742 2.0720578677 1.6903629973 1.4647820759 1.7867204108 2.071310911 2.181113545 1.9383526196 2.1631865843 2.9878267739 2.2670135647
2.5179910137 2.7794258564 2.1557170174 1.6843873438 2.2207022497 1.9458221865 1.8681386904 2.0541309071 2.524713624 2.13480223 2.8839997935 4.1754879165 1.4909255602 3.906975414 1.9331239227 2.4268622971 1.5267794815 2.6868032264 2.8436641321 2.7592580257 2.41491099 2.6875501831 4.0836122432 3.6705451918 2.7936180336 1.5678620996 1.9839169779 4.7521384839 2.8190145612 3.6272217035 3.314246849 3.9730626526 2.673358006 2.3820448955 3.3687746876 5.451289949 4.6206741059 3.4292781798 3.9431843849 3.0281624354 2.1407778835 2.7226571477 2.8309658683 2.4918475294 3.8602721919 2.3207944466 2.1250917929 1.9405934897 2.6046379902 1.7396621391 1.5491881823 2.3798040254 1.4603003358
2.3080961828 2.8593502226 3.7415060776 2.285687482 2.4276092538 1.6485334225 1.2026002765 1.8987639148 2.8055693407 2.8339536951 4.1448626921 4.0487137222 3.9676954376 5.3053925988 3.4852999318 2.5157501436 3.0550528763 4.5370149562 2.9161189313 3.1768068174 2.2946509624 3.816201747 2.8884815337 3.7452408611 4.0253496212 2.775691073 2.9654180731 3.5547669043 3.0012719944 3.2739111875 2.9093963211 2.7107058406 2.6106136437 3.8005156564 4.1224539913 3.6541121445 5.1838794527 3.8483208848 3.1334833291 3.5166721129 2.9318050219 3.7930460895 1.6455455957 1.4931664303 1.866644777 1.8390073793 1.2601159419 1.0330411071 3.0102354747 1.3437750916 1.605956891 1.8561873833 0.862734981
2.9893206873 3.8139608769 2.6038910335 1.9211726156 1.6515212493 1.6918569107 1.4909255602 2.9228415416 3.2813807545 4.3584923064 2.7107058406 5.6221201534 2.263399691 1.5932586272 4.0903348535 3.5637303846 3.8147078336 2.2767240017 3.2806337978 2.6337693012 2.5919397264 3.677267802 2.7480536753 3.6839904122 3.8206834871 3.7265669438 4.5803384444 4.8843498187 4.5123653853 2.9825980771 1.8771021707 2.2535683442 2.8459050022 2.0937196118 2.7069710572 5.3721125395 4.0806244165 4.1717531331 2.1997874623 1.6515212493 2.4208866436 3.1708311638 0.9785132685 1.6238838516 1.1473254812 2.2998796592 1.7194943084 1.4804681665 1.3661837924 1.9891456747 0.9217445598 0.9202506464 0.6961636383
2.6300345177 2.6233119075 2.2072570292 1.3504977018 1.876355214 2.2453518206 1.8531995565 3.0177050417 3.8513087116 3.6802556288 2.3827918522 3.6117644302 5.2899775056 2.0675761275 4.2972418576 3.8714765423 3.7751191288 2.5359179744 1.7680464935 2.2020283324 4.1157313811 2.6255527776 3.1163033252 2.6696232225 3.6563530146 3.4389886168 3.6436547508 4.1448626921 3.3680277309 3.1895050812 2.2558092143 3.1409528961 1.8457299896 1.2772959458 2.2304126867 2.8660728329 4.1261887748 4.8328098068 1.4446142452 0.6565749336 1.6433047257 2.8182676045 1.4819620799 2.5045457932 2.3514196711 2.5396527578 1.5730907965 1.7792508439 1.5551638358 1.2362133277 1.2227681072 1.3497507451 1.3631959656
2.9138780613 2.312577923 3.492022542 4.3166627316 5.6432578192 2.6315284311 3.8191895738 4.7409341335 5.2503585985 4.3965870978 2.5484151661 5.9045583418 4.461674607 3.9909896133 3.5771756051 2.4619692617 3.7564452115 3.0841841874 1.5081055641 2.6121075571 2.4791492657 3.1514102898 3.4830590617 3.3082711954 3.3515946836 3.8236713139 2.3559014112 3.6712921484 4.0918287669 2.9250824117 1.4080133672 2.5403997145 2.1415248402 3.2223711757 5.7426030595 5.7231821854 3.6802556288 3.0274154787 2.6808275729 1.1667463552 2.7943649903 0.9292141267 0.5699279571 2.8399293486 1.5798134067 3.0318972188 1.7501195328 2.5971684232 2.4993170964 2.6076258169 1.7964308478 1.5073586074 2.3088431395
1.8673917337 3.3762442545 5.9233665793 5.2227212008 4.252424456 6.248292741 2.3633709782 2.9848389471 3.8960677573 2.8055693407 4.7865895073 4.4048774367 6.082468355 3.2597190103 5.4184238545 3.2485146599 4.020867881 3.3769912112 1.7419030092 3.6063069161 2.841423262 3.2104198686 4.439910586 4.4100323183 3.4755894948 3.6369321405 2.0855030882 5.0068507164 3.0035128645 2.9967902542 0.8418201936 2.0182769858 3.6496304043 3.4337599199 2.9549606794 4.4914505979 4.5915427948 3.3859546915 3.2328285694 2.6375040847 1.4565655523 1.4729985995 1.4744925129 2.5336771043 2.2027752891 2.1572109308 1.6149203713 1.2294907175 1.8113699817 1.7157595249 1.447602072 1.0644132882 1.5603925327
2.656178002 5.1017142165 4.7484037004 4.8992889525 5.6611847799 4.7491506571 3.3480156185 4.1388863222 4.8534830829 5.4167095199 3.484330813 3.1461815929 3.5936086523 2.9878267739 5.609644768 3.1155563685 3.5502851641 2.9362867621 2.1191161394 3.379979038 3.109580715 3.8520556683 3.8572843651 4.3756723104 4.5736158342 2.9579485062 2.7614988958 5.5005890908 2.8182676045 1.0703889418 1.2937289931 1.9981091551 2.6083727736 1.2638507254 3.6810025855 4.2232931449 1.9510508834 1.4483490287 2.4395605609 1.986157848 2.0078195921 2.4231275136 2.563555372 2.7256449745 3.8849217628 2.1990405056 1.6627255997 2.6688762658 1.783732584 2.4559936082 1.5723438398 2.4649570885 2.9930554708
