data/patches/PatchStreamsBAK.asc
NCOLS 129
NROWS 129
XLLCORNER -27000
YLLCORNER 2099760
CELLSIZE 2195.348837
NODATA_VALUE NaN
[rows 96 to 119 of 129, columns 55 to 109 of 129]
12.3719301796 10476.5354515558 55319.9252820643 701.6286702083 90.313017961 46.0666160722 8184.5481743823 63775.6801888861 6508.6023711949 30.5904781179 0 324.9436343705 122.4845265199 0 41.9029193018 183.5143738932 23045.8759760519 1.4575529134 0 444.0735441437 182.7191095371 14.8268015853 1467.9388413863 4811.3476279619 6314.8937617 0 147.219752087 6361.6097141412 665.1147246817 270.5211299435 47.6968648284 51.5687056244 95.2037642297 0 78.721672991 83.8524664812 93.9784872249 41.3658352306 314.7485352897 53.7256767012 240.0947128763 4493.5311510245 6.1548798381 9404.5294611687 267.1337009866 96.6095083903 56.7746218062 71.9243646176 0 380.400586896 63.0961531326 199.3169069905 0 23751.8142710178 41025.8610135762
147.7007100093 12785.2034201872 53051.9297748545 0 471.7661860191 386.8283261658 0 0 56859.5803895775 0 0 220.5688574079 76.82201872 0 0 482.2099671136 20455.111938612 4412.4616780504 77.4091845855 417.9515709588 187.7946403575 667.2449279029 845.176908677 9622.6952559238 0 133.4179003289 132.127862383 7301.9567113585 207.4586525002 431.4589763049 212.5246850493 126.9383523063 0 0 157.443345982 194.7732793659 179.5389155915 233.8327616157 1787.2353216966 4030.8677628805 5509.4498490598 633.5796003036 0 7697.8688388566 1993.9099350704 105.8141968125 0 71.9243646176 0 380.400586896 0 227.3229918206 11875.9071355089 28070.3259566574 0
12123.7412125812 133.769336369 0 51298.5998279788 40.3037557973 71.1057863226 0 232.2353250696 0 22664.818281474 30759.7157264525 85.8410591112 22.5748005734 0 382.1724462434 193.0601366051 7.4915456615 22890.7821570116 320.6081052365 75.9334986087 417.9515709588 248.7010102032 1423.4558461928 10750.3006729067 50.8710144194 0 3.7682232903 870.5951463024 6088.5024639514 112.9413542457 265.5336740029 408.1752592967 213.0462264946 0 602.7516654018 1668.6355881609 505.1197976221 2366.7170857577 389.6700362594 330.6918154988 0 170.4041689856 93.4474475082 8027.9061371111 2204.6998903786 0 73.6098760435 0 0 309.075476853 183.2346066279 0 34258.9039345645 0 999.0281811283
0 18.0769373472 338.0003035669 51270.9676296484 80.6075115946 6.2740399696 0 50.2130432583 0 2.5766219749 58026.9844270175 93.4163622565 53.2119065689 0 382.1724462434 199.093265874 0 21871.2549793406 0 286.8598836327 417.9515709588 10.1510616409 1381.1678151615 9776.3410203221 9.4205582258 0 120.5831452905 660.3422750654 480.6712471541 5680.1484644574 171.4645214605 0 159.4466177587 386.058966186 987.7278286533 15.946734126 88.6136908677 694.0507766253 275.6536503921 330.6918154988 0 118.2439800995 49.570614723 7121.7131967282 806.5975208702 1386.9289484779 78.3469230121 0 0 0 32.55489333 0 46154.067520027 9502.2718542879 544.9244624336
50.2847120331 278.1853714478 19.314303061 47299.9899215785 5333.4935087275 471.7230120584 395.2273884813 0 0 34.2818517582 51409.7408280631 140.0848233409 44.9328678641 0 370.5914630239 6.0331292689 19.6769643309 23921.3946808331 6972.5946538494 269.9857728308 434.8256817607 427.349678725 783.9398262923 9149.2703263344 123.9645298929 22.8355712961 131.8878151615 569.0673412598 82.3310161059 4840.8544396661 139.3966304073 67.586245046 0 553.9106906147 451.0081457121 100.2240323805 16.6150670377 394.0262888945 518.5201315457 277.0628484695 0 70.4961699975 6.4657323552 7239.6445973522 0 1486.9448823678 430.3442246395 406.0122438654 260.1447002277 192.8269972173 14.8328459398 0 20113.6249059786 29582.2841048992 658.4503921073
161.6908002361 75.6355982798 0 8.4724580487 50346.9386626191 39.5300784215 178.4897883464 536.9303718695 0 10.5482620794 28846.5341900666 32023.2431334851 22.4953604857 0 393.7534294629 0 21.6992326503 12018.3250796863 21595.9769424066 0 468.9028889451 1413.8798617084 35.6124732271 9076.6396357197 0 0 18.8411164516 401.6059094359 254.4776861455 4027.6202175563 1146.9508052956 25.3448418922 0 788.9031048149 0 701.5682266633 0 307.7854389072 518.5201315457 154.1863023864 46.0061725272 61.9511796947 0 7355.4984669871 314.5413002783 750.7709992411 10.6078421452 0 61.0928813559 22.9098305085 0 23.8967872502 49480.9009596087 1.6345661523 726.5659499115
85.2772071844 0 0 17013.7656126149 37888.4066987098 0 0 47.3212513703 204.2128341344 25.267128763 0 51124.569046294 87.8451943671 30.4514579644 130.7117564719 62.8725120162 151.8946285522 144.8495016443 22853.3883261658 0 107.4660325491 283.941323889 1175.2116164938 1979.2420136605 7362.2880040476 19.3194839363 133.8686364786 255.5673969137 246.9930483177 1140.4488068134 5964.1441875369 688.1704831773 0 386.058966186 251.7775866431 551.2321780926 7.0891643478 235.6952862805 502.8074002867 72.6427793237 0 0 6183.4618635635 898.0978227507 912.0930938528 375.6410894679 50.5670697361 0 65.0148039464 0 22.0014503752 99.1265502994 58560.5731343284 0 726.5659499115
0 0 0 47990.4710751328 389.1001399781 915.5297411249 137.3294611687 0 0 138.9692081963 0 52532.2361750569 69.232036428 0 19.9670933468 0 223.68688085 112.6607235011 21964.9217505692 0 0 117.0282013661 1123.2042634286 0 9120.4396188549 107.4910734463 11.0663496079 307.014351969 157.177394384 1139.9963437052 29.24776794 3694.1661320516 0 0 347.4959844844 437.0456868201 300.6720971414 248.1207521713 502.8074002867 18.1606948309 0 31.7933046631 7471.291893077 0 774.8309840627 0 245.6114815752 267.2830828906 115.5818736824 0 0 178.58477106 50641.6579340585 58.7614874779 0
3516.5760890463 2931.9618045366 0 6020.9075841133 40293.7031722742 5.8630238637 321.4784922843 18.1399713298 429.6568951851 0 0 51790.6638198836 591.0955594907 432.8966691964 0 52.0781583607 187.7678725019 0 6206.1411451218 17068.1458065604 98.6075992917 92.2040374399 271.0530331394 861.3559187115 8477.7813980943 1640.8609157602 0 108.5073884813 116.6733114091 1134.7049430812 228.7287359811 65.8074778649 4819.7104241504 26.9699097732 0 217.3204486044 751.6802428535 73.6219647525 335.2000404756 29.0647103466 0 7.8922000169 7690.8098962813 84.6934952357 256.6191145965 565.5857930686 394.1834421115 210.4894645417 0 104.3126064592 314.3642870394 318.1989982292 48558.2267914664 63.6349641622 0
287.5299435028 7.0753486803 275.9385985328 1517.6087562189 45855.4410051438 0 175.4589763049 119.3121038873 24.7878977991 231.353712792 0 48072.4990100346 5367.2702251455 371.0542878826 278.290715912 0 64.3775562864 343.5403862046 498.6618365798 24760.6740264778 7.0433999494 0 225.7652753183 511.5492638502 302.5354852854 9792.0986525002 37.9585462518 0 169.8705388313 21.4764550131 1195.5810911544 98.7112167974 2285.0941226073 1223.0457745172 0 224.1117126233 384.1921241251 183.0118289906 230.4591483262 9.3117598448 0 225.5433611603 6402.6025263513 315.5593422717 0 67.5171667088 50.6378750316 118.8579138207 0 48.7209511763 4.0600792647 332.249532001 46907.5705675015 0 0
221.8088135593 247.6372038115 14.1506973607 42277.6779155072 11962.2429682098 0 0 224.5874896703 133.3488219917 0 0 32141.815235686 18671.488550468 0 494.7390505102 185.5271439413 0 375.7472974112 418.8081423392 7394.0122303736 14699.2415279535 0 239.0455856312 512.4705961717 302.5354852854 8773.8235196897 94.6062366135 18.987907918 105.4273581246 78.4531309554 935.4735205329 0 0 3676.0209798465 0 61.12137617 0 668.1602158698 192.3037288136 1.3306214689 0 1719.6965680074 6028.1262703432 396.9811147652 38.193412598 0 0 0 0 0 84.4741715153 27681.281079349 20753.1918711527 2208.2945543469 2214.8112319757
41.0757062147 247.6372038115 0 46424.1387772999 410.1578075723 726.5529977232 260.8138966186 0 224.5874896703 0 777.9084239818 32310.5053984316 18166.163244793 532.581027068 262.8301205835 278.290715912 135.1604013829 88.6983118307 418.8081423392 1315.0684813222 23273.7990859263 7353.7706450797 166.0038789105 368.6054608314 297.6879129775 8036.8414200186 1608.1989510077 0 11.9678219074 0 147.796556202 737.2100581837 53.0245315794 271.2205481069 3656.5581583607 0 0 400.8961295219 222.9270191416 60.068795008 0 1139.8650948647 5830.7901846699 337.6825432161 0 0 0 0 0 129.5270629901 279.5885251708 50509.5274812379 46.456908677 118.7232110633 26.0857070579
0 127.3562762459 0 44988.9119824606 58.4575427945 0 580.7001332321 246.9654169829 55.3524715406 0 5600.9406526689 27803.6991179695 123.6882165444 17575.1738932456 0 510.1996458386 171.9014419428 24.557348849 418.8081423392 875.804516401 338.8257896956 21867.3632785226 53.1212412514 468.5445450713 0 340.3524209461 8375.2579205667 133.7097563032 102.0416561261 0 0 754.1109368412 86.1648638165 41.4340500885 3373.4397301627 124.8875891728 131.6382696686 32.8752441184 194.7862315541 8.5812564297 0 0 6190.6399662703 174.0290547264 381.574055148 175.8458149928 175.8458149928 4.7525895944 16.8948343031 122.2013053377 160.4776119403 46071.8012648621 0 196.1513921916 0
0 0 4134.3566101695 44095.6695033308 84.823880597 0 224.432926891 32.0739354077 109.1161413273 0 5756.5223374652 29524.1762711864 10.3073513787 17991.0695201956 0 525.660241167 61.3933721224 135.0654186694 418.8081423392 751.7355055232 225.7773640273 19914.8683969981 494.5749894595 58.5680681339 483.1865621047 340.3524209461 8799.3799139894 1802.6777839615 31.6681001771 73.8922337465 24.8474778649 185.9407504849 452.9362947972 23.3588396998 1104.4020035416 1758.416702926 133.7874694325 80.1999494055 17.7565865587 137.6135458302 0 6.1047980437 6319.7352896534 138.9769795092 13.1386997217 19.7080495826 0 0 74.8895522388 289.0254895016 396.6115456615 52959.5841268235 5.2741310397 67.3289282402 37.2867594232
218.1139860022 35687.9637608567 9599.2690648453 101.4976642213 898.6893060123 190.29700312 87.054247407 1.4014267645 0 4757.4837945864 22348.9610388734 6017.0279720044 314.9350467999 18379.7586440678 1565.0465772831 0 494.7390505102 170.1408078253 314.1061067544 43.9700885403 755.2628181128 9076.693171431 10688.9694712876 97.8321949574 317.2698945948 562.1655519015 737.3551226916 1611.9861708407 7386.3436714731 8100.3365005481 3232.0717767097 0 179.3178649127 132.6045029092 143.6138628889 2600.7924850325 0 62.3777384265 106.933265874 0 123.2530230205 147.9036276246 5415.1510110465 300.3353402479 227.1787907918 124.408358209 96.1337313433 129.7636562948 0 32.5877055401 924.7128425668 48850.0689501644 78.1137836243 141.1253157939 30.6794164769
40663.4164769373 44929.6246361413 81.198131377 872.8799123029 48.6484189223 0 39.7355864744 0 0 4674.4265924614 16345.6407993929 12893.6313685808 247.4489653428 50.5377114428 20867.2876971077 0 309.2119065689 216.4483345982 418.8081423392 43.9700885403 807.8314326672 57.4127329454 20633.0551446159 0 290.4433223712 483.1865621047 311.817886837 1111.9764432077 106.2908373387 125.5291542289 4953.8139269753 5009.7112539 48.0042634286 246.2936301543 69.7553048318 2010.8488068134 536.54526014 96.2088540349 0 0 0 106.4669870984 5144.0444421958 0 45.2394029851 84.823880597 0 15.2663125053 276.3936520786 772.2534986087 555.4986288895 41898.9757922253 8210.8376625348 0 0
26046.2149725947 207.5924917784 608.9859853276 405.9906568851 0 0 0 0 38.4464120078 5170.7855299772 0 29178.7465924614 247.4489653428 9.4758208955 17693.5974770217 0 200.9877392698 273.6192933637 248.6673345139 931.4635230627 181.7243814824 45.4310953706 19950.8305793069 16.9837726621 79.0748359895 571.5006256851 277.0300362594 1014.7694072013 166.3682671389 2.4531444473 1426.4123990218 3232.0717767097 5171.3148427355 188.1581651067 106.0836023273 847.1879517666 1353.2964330888 0 0 156.1515810777 262.6185681761 192.688840543 4782.2639210726 201.5645433848 43.581522894 70.8199747028 0 57.5957905388 532.5110852517 101.7437557973 272.2083683279 607.5215245805 43791.1342001855 26211.1636799056 4330.5088658403
238.6725626107 48.8452921832 63.9976254322 453.8653984316 427.6337633865 309.0279854962 131.7703819884 0 279.2681743823 4249.7968732608 0 30724.0980723501 254.947418838 0 4308.3951631672 13209.6932557551 0 471.1591601315 75.6191921747 398.1778969559 186.98987773 161.5327835399 16461.2002226157 4505.4963824943 34.3232987604 128.6765359642 541.7546302386 456.9316131208 678.1135407707 0 401.1784872249 1284.38388397 3393.6753655452 2537.5184551817 4.3640239481 799.5679365882 1357.7925693566 41.5678893667 0 0 0 101.2403474155 4697.0592461422 104.5103431993 163.4307108525 0 0 79.4064120078 306.9141883801 118.1394991146 528.378473733 100.9001366051 19777.4197756978 24675.7223509571 3783.3488557214
581.2890260562 0 73.5252550805 0 97.4349945189 140.0442398179 58.5646142171 0 6046.2187503162 0 13479.062504427 15526.1921173792 164.9659768952 0 243.8741613964 16227.742210979 0 170.1408078253 0 0 427.8064592293 181.7243814824 329.2713921916 25521.7256092419 1561.9639564887 89.0894679147 525.9495067038 157.8008263766 878.0625145459 5.9942727043 0 852.3239261321 913.6490833966 4984.1747196222 2747.3145459145 778.3013070242 1096.9985327599 152.9705236529 0 0 0 84.7340787587 4531.629580909 118.0997790707 165.9537971161 63.8283835062 0 299.4899940973 8.3144413526 68.0197116114 453.5130989122 70.3243376339 37220.8137886837 22.9132844253 144.5464204402
481.4950063243 0 0 0 80.0358883548 0 0 2465.3091424235 2054.4242853529 14.4753655452 26900.6155662366 362.2467998988 0 121.9370806982 7051.7256159879 10245.9251943671 229.1984686736 0 0 12.8572054979 375.1307732524 111.0537886837 272.5762104731 891.1537229109 22936.6208145712 3644.5825651404 582.579064002 140.7807875875 733.2639581752 0 0 38.7089096888 1005.0578564803 561.990265621 5189.3719200607 88.7691171262 1225.0792680664 638.1931697445 152.9705236529 4.0255400961 0 323.4420440172 4056.7695488658 231.0255906906 0 0 0 213.4917817691 0 33.2862602243 503.1130719285 22017.3211231976 22126.8569154229 74.0977417995 0
0 186.586632937 419.779556455 92.7307597605 0 0 2872.3601517835 1361.5720178767 0 4949.9446766169 25136.0474373893 115.3055603339 158.5451454591 22.1361531326 15591.6611113922 77.188997386 0 242.247366557 0 0 275.1105219664 178.3654473396 705.9460662788 0 6375.0609933384 16122.8234421115 439.2605110043 29.284034067 252.5219057256 403.6117716502 0 0 89.9218618771 440.6161733704 690.5588666835 4884.1147482924 632.3888624673 938.9559322034 51.6973640273 0 160.9637507378 123.0406071338 2915.617006493 829.1429631503 0 0 0 163.5844101526 51.7336301543 203.0074171515 214.0375006324 0 39379.1491626613 9.6649228434 0
0 0 133.1692183152 0 0 462.9431554094 4517.6602141833 75.5889704022 0 27059.310957079 528.596070495 0 153.7407471119 0 15569.7874559406 0 0 121.0494240661 9.4810017708 193.3209073278 81.7896146387 393.2871506872 158.1384467493 0 860.4397672654 8038.7082620794 15541.7451049836 497.8285791382 108.9926637996 645.7788346404 466.7994535796 0 2.5956185176 178.6227641454 771.6922371195 5036.7433341766 626.2944261742 129.9449869298 727.6919268066 0 124.202850156 37.2850324648 30.6863243107 4108.0179037018 174.2803271777 169.5700480648 59.4764482671 38.5655721393 41.879605363 110.3871827304 0 5762.0270174551 36931.1182393119 0 0
0 0 0 0 0 4265.4724749136 140.0805059449 0 0 27868.3305371448 491.9482856902 0 48.0439834725 0 15562.7665064508 0 0 108.1507715659 12.9349186272 47.2936200354 197.8196340332 221.5204115018 29.8962408297 0 882.4515793912 252.0806678472 17095.9196154819 161.0621873682 0 0 306.9806762796 9.0751665402 12.9780925879 85.8436495489 681.3455434691 4884.1147482924 320.5044877308 220.4151581078 831.6479163505 0 120.3215110886 0 49.1811855974 3399.6981330635 0 0 39.6509655114 0 0 128.6333620035 231.8424420272 36890.4259178683 0 0 16.8620220929
8.7945357956 114.1130955393 0 5.5435365545 1417.6964398347 2715.2526992158 157.0599612109 0 17930.0327649886 10665.3679939287 355.7637979594 151.5578716587 0 1.5499451893 3451.3695927144 14790.8273142761 49.4359119656 0 0 102.5165696939 217.4361548191 59.0706130365 0 0 758.9844135256 128.5323349355 2687.1265907749 14468.9490311156 58.0620693144 0 117.3373269247 180.5189644995 0 56.6217859853 649.8889956995 4884.1147482924 139.6763976727 324.05425078 467.8019529471 545.768945105 0 0 148.6842128341 3255.6197183574 106.7726587402 2.8857475335 0 0 0 205.1643882283 178.5631840796 36619.4221030441 40.5351682267 6.7558613711 22.3831081879
