data/patches/PatchStreamsBAK.asc
NCOLS 129
NROWS 129
XLLCORNER -27000
YLLCORNER 2099760
CELLSIZE 2195.348837
NODATA_VALUE NaN
[rows 96 to 119 of 129, columns 0 to 54 of 129]
94.1382308795 0 52.3285673328 214.9666042668 239.9781431824 0 181.8090024454 1057.1057930686 0 336.4175461675 563.0713415971 48.7649886162 58.5179863395 0 548.7609005818 0 3.3226680159 56.2004081288 1587.2552626697 917.7532001012 0 514.9936824353 0 0 159.9353469938 326.0203929505 36.0934311493 86.3133822413 3.0826207943 0 0 16.1194299688 56.4180048908 323.3142490935 58.8815110886 0 264.7142322287 89.3960030357 330.765211232 134.0940045535 471.3076785564 0 0 209.1467543638 150.5812766675 318.3924175732 134.9505759339 74.3481507716 257.8279854962 161.6001349186 0 286.3987857324 234.8059026899 19.2694021418 0
125.6085943166 19.9360080951 149.7419748714 182.4471135846 224.9795092335 0 137.6662180622 867.1835399275 0 0 788.076755207 26.0079939287 0 176.1834353655 522.643244793 17.8809275656 0 447.1138544565 1061.2142271692 828.7034522304 81.0634286196 128.8880883717 0 121.0321544818 202.5592714394 155.0152424319 0 0 0 0 36.5700716755 178.2790994182 169.1365814993 282.876654018 0 43.9510919976 156.7387469432 286.0672097141 0 380.1519048824 346.8924125137 0 104.8056530905 134.5835972679 117.5972341681 385.7507041066 15.4053326587 18.7798094274 63.4294561093 255.6140247913 31.6447862383 199.9368850662 81.5573387301 0 0
0 0 11.087073109 19.4023779408 0 93.23675858 132.6830795177 602.2275335188 118.286290581 282.4509587655 133.3073749895 323.5482519605 69.4055957501 0 95.7123534868 123.7961514462 0 868.3224690109 0 1228.7671877899 0 113.4888000675 12.1595142929 23.6714191753 3.9452365292 3.8467998988 28.6977316806 0 136.7086196138 78.132780167 0 0 0 0 0 0 0 0 4.6083885656 238.7839514293 35.9034657222 0 0 0 0 26.6711459651 7.8334834303 0 63.7558512522 24.6126115187 17.5804367991 0 4696.5774247407 14488.5914562779 14762.3350906485
0 42.5039008348 0 0 0 0 0 560.151054895 185.1437591703 274.9464609158 0 165.6196306603 63.9276836158 0 0 16.1945526604 0 817.9522725356 0 261.315578042 820.1377384265 0 19.0086314192 0 0 6.4795480226 217.1805649718 58.2399460325 0 265.211596256 109.7749759676 0 60.7682131714 36.144376423 0 36.9655451556 0 0 215.4207943334 149.5977738427 0 68.9488152458 66.8712842567 26.3188464457 51.1481912472 0 60.6948174382 0 0 1115.0435213762 13578.6846917953 13714.7543367906 9824.6069179526 11.2165949911 275.3807909605
7.9647322708 120.427719032 57.2080883717 48.175232313 0 35.6962307109 413.8491812126 89.6792242179 15.4286465975 167.598725019 2.5593523906 0 123.6804452315 0 0 6.7662231217 213.6852011131 543.4789982292 11.6396998061 0 0 880.9577603508 238.6837878405 94.9654439666 0 0 16.6616949153 260.9097428114 0 201.577495573 310.5960637491 28.3290260562 149.4656615229 88.352920145 72.2887528459 144.1656261068 3.6965545156 0 0 27.4931781769 0 5.8846108441 248.9626444051 146.0652803778 78.427226579 0 121.3896348765 32.6818247744 5860.6510228518 15919.8272501897 200.0784956573 150.1262231217 152.055235686 0 252.5702605616
0 10.6259752087 226.4871439413 59.455724766 12.5169946876 6.1367467746 91.4726705456 292.2134547601 0 2.2433189982 42.6230609664 0 0 0 0 0 50.990174551 34.9190994182 367.9233122523 116.0101593726 0 94.7754785395 391.2631554094 225.9604216207 0 25.8637928999 140.4034471709 486.0800809512 0 0 840.3595581415 352.8193338393 110.974348596 19.7469061472 220.1768378447 3.6965545156 202.0230508475 3.7233223712 0 186.953611603 26.3033038199 0 22.4953604857 409.03960199 37.5086735812 35.3750164432 8684.9939590185 13542.1042583692 9198.9592377098 16.0952525508 200.0784956573 11.5481710094 137.8000573404 268.8192124125 82.2204907665
16996.9450375242 575.6202850156 360.5811484948 115.7865182562 43.6825499621 0 25.8007589173 183.4176642213 27.3627928156 0 36.4180993338 50.074886584 0 0 126.8416426343 0 0 0 22.4349169407 134.8270984063 0 53.3112066785 0 176.8457239228 0 0 87.751938612 259.2259583439 612.6195058605 0 831.6479163505 0 61.9244118391 33.0263529809 83.3887781432 373.8519605363 40.8771059954 351.1579998314 23.7059583439 197.9508828738 157.8198229193 21.645696939 0 121.0666936504 526.1006155662 10160.076363943 4611.5860291762 122.0786912893 180.6191280884 0 275.1079315288 0 85.5310700734 193.3252247238 0
53861.262797875 0 0 95.3073817354 31.7691272451 0 0 45.6046546926 0 0 109.2542980015 71.3717379206 0 35.2489484779 255.3480731934 11.3633864575 0 68.6327818534 16.3163032296 0 0 0 51.4789037862 87.1181448689 0 0 0 0 249.6845130281 769.9221047306 831.6479163505 0 0 127.9771178008 161.0034707817 575.8076600051 231.5203642803 0 438.5602293617 229.3582123282 255.6805126908 54.1142423476 68.5447069736 9644.0076498862 14212.8600927566 7847.736018214 268.5731208365 58.907415465 108.4037709756 0 231.3407606038 0 0 20.5551226916 0
11986.0654962476 2204.1377654102 0 65.0821553251 282.0226730753 15.4882266633 0 44.2947567249 206.8317665908 0 364.7776574753 0 0 136.3943131799 431.3078674424 437.1069938443 0 0 282.558030188 7.8991078506 0 3.8511172949 231.990960452 0 8.0994350282 150.9093987689 61.8803743992 0 162.3565427102 150.4767956826 1276.2913567754 2516.087764567 2281.1229817017 3348.0698473733 4622.1567417152 3199.9546673413 3199.9546673413 0 0 3014.5104174045 50606.2138392782 110615.7681288473 3864.7801264862 0 0 240.7811788515 109.8708221604 85.4550839025 27.7211366894 0 0 129.8085572139 2566.8698406274 2722.1337650729 2976.0381010203
12.98672738 13687.2853360317 7149.8021755629 8406.7144683363 7943.3784298845 10996.8352137617 6264.137590016 1190.0919537904 1400.3854085505 0 477.9668302555 29.2564027321 0 0 841.2359895438 0 49.7139522725 0 345.357146471 55.293754954 0 0 67.4757197066 319.2274019732 167.7152947129 206.3542625854 0 125.1699468758 89.965899317 1.8815212075 426.934345223 947.1477595075 1876.005302302 1503.440789274 0 0 0 0 0 129935.2563824943 104042.3987722405 32026.5260814571 453.6633442955 0 0 137.3121915845 82.9337245974 0 0 652.0856868201 2066.1710565815 2378.5830171178 324.5213930348 18.6235196897 1022.5424470866
3.896018214 25.0357163336 8604.8544531579 268.8762020406 20.8271186441 30.4704545071 1443.8874913568 7572.5080630745 5766.1717176828 1115.7697073952 477.9668302555 156.0341479045 0 0 262.8862467324 578.3497428114 144.622406611 0 59.6456901931 484.1303448857 0 0 45.2963926132 468.898571549 329.4207740956 0 0 0 1415.5342878826 1588.8786035922 1757.4150670377 1036.7397723248 0 0 45.6331495067 71.7551226916 22337.5924715406 67012.7774146218 61.9632684037 129683.0081996796 0 59.3572881356 276.6311088625 165.8087326081 0 14.6342457205 18.2928071507 816.0388025972 1664.7033038199 1958.3829462855 69.2139033645 290.6755982798 0 353.8468741041 73.9362711864
0 0 1855.226538494 32.397740113 16.1988700565 80.3311982461 0 670.4847019142 0 6421.2433156253 3687.1287764567 156.0341479045 0 71.1075132811 552.0611181381 289.1748714057 144.622406611 0 469.3078606965 474.9032060039 0 33.7585833544 36.1676903618 778.2969896281 866.8243325744 1288.8722489249 1279.2591348343 1313.833706046 207.4474272704 67.9342271692 0 0 41.6447390168 21.4177384265 38.0276245889 137525.4243224555 115942.4453326587 82977.5116282992 135168.0379930854 20694.6678404587 0 40.359018467 70.6282823172 162.997244287 0 91.5098001518 983.4328830424 1034.2555426259 157.1264491104 174.0774095624 29.3634741547 79.2751631672 258.8848840543 203.2371026225 238.2390960452
650.7645636226 650.7645636226 1470.3272248925 0 0 0 595.4811704191 161.1079517666 422.3199123029 288.926189392 2784.4804182477 4190.8324681676 3816.7844978497 3255.2484222953 3062.4231520364 1585.8711054895 1466.521871996 1269.4189257104 892.0241099587 462.6176237457 462.6176237457 297.5437119487 47.4317767097 0 51.8864659752 0 0 0 0 0 46.8264777806 52.3354751665 100.4373117464 37207.3158816089 137236.4307816848 3790.2730955393 833.9810371869 0 145.1551732861 1929.5651909942 91.950174551 0 16.8162576946 162.997244287 244.0995294713 605.9672619951 243.1488388566 311.6037439919 87.3098372544 184.95724766 0 449.2259246142 134.9609376845 42.9149169407 123.2271186441
41.032532254 678.2750113838 337.1316434775 0 67.7451252214 353.7613896619 271.2645855468 0 642.780834809 0 20.8487056244 94.692584535 407.5466464289 553.0990201535 45.7238148242 14.4805464204 27.9767265368 0 0 0 0 0 4.2621334008 0 182.3590387048 230.127572308 137.286287208 0 108.316559575 0 18.0527599292 90.4425398432 147915.9684695168 96227.006094949 0 0 784.9233291171 0 132.7133012902 991.3086769542 858.5435669112 83.8369238553 35.6556471878 122.6736284678 403.8889484779 81.2637557973 216.1323012058 353.1509098575 0 179.5173286112 52.8501087781 149.7419748714 111.9276296484 0 0
167.2904629395 57.701135003 554.1161986677 27.1089299266 144.1509469601 164.7086600894 0 106.7294847795 431.9330263935 67.489535374 103.7996998061 151.7072535627 661.3430474745 0 0 57.7097697951 0 107.8476903618 0 27.9767265368 0 68.7372628384 242.9830508475 337.3466498018 483.0484054305 561.2269499958 645.1830339826 15.0245383253 108340.4554987773 133239.8293279366 70012.8755004638 14.5237203811 7.0718947635 272.0425803187 406.8351395565 406.8351395565 408.1752592967 0 0 2442.7619731849 305.3452466481 0 339.6167366557 0 0 209.3781667932 352.6397301627 0 0 0 0 0 0 0 35.3698355679
0 185.8898052112 355.629095202 0 0 35.1781431824 0 161.8643595581 304.7459920735 0 232.442560081 0 328.1540500885 500.1098912219 403.2568816932 305.618969559 83.791159457 12.687963572 247.4152896534 137.124816595 56.9732220255 8.0614419428 6.0460814571 12.998816089 0 0 526.8837912134 73590.4175394215 51952.8416223965 75.4732641875 5.2050527026 0 187.651302808 60.9866734126 115.2356185176 240.8096736656 97.878822835 0 42.379559828 853.1243713635 1373.615825955 809.9175984484 241.3562560081 183.7811889704 0 189.1157635551 20.7735829328 319.2982072687 3.6715136183 0 86.6656817607 0 80.4071844169 142.3091457964 151.4870663631
103.2721140062 20.6544228012 403.7956927228 364.1879011721 38.9964482671 27.9076481997 217.6796559575 72.5598853192 93.6408668522 0 77.108693819 0 32.5877055401 0 0 0 35.0451673834 0 0 152.2555628636 374.8415077157 0 0 82.3258352306 134.3210995868 159.7013441268 180058.4226798212 63604.7199392866 5572.3379037018 0 0 89.1343688338 56.2953908424 63.1937262838 26.0209461169 2.9790032886 0 449.5307327768 920.0543722068 338.0003035669 0 320.4492250611 310.7886196138 12.0843916013 0 0 0 0 0 0 32.4996306603 184.1645737415 0 25181.6434572898 49171.8349810271
0 2.8563892402 31.4202816426 81.1584113332 0 0 0 0 0 0 0 0 0 0 11.4238300025 4.569532001 32.5773437895 28.9956320094 13.1024335947 96.927268741 407.0725963403 185.7654642044 2.1405649718 16.8896534278 99.657590016 131428.5702875453 17181.1035669112 2967.8445467577 248.6371127414 191.0499569947 0 0 0 0 0 0 0 616.0829209883 0 96.0465199427 278.6274728055 174.2647845518 231.4037945864 0 38.5284425331 13.4849548866 38.0915220508 0 76.309975546 0 12.651697445 178.7479686314 36989.2493869635 55528.0289535374 455.6476195295
0 0 0 0 0 0 9.5379913989 0 5.815532507 0 24.6851437727 0 137.8328695506 0 18.278128004 143.7813778565 295.0776153133 354.8312404081 104.384275234 11.6396998061 8.3170317902 698.1246715575 0 38058.6191753099 127823.9080934311 13830.025357956 5723.6350046378 4862.7453647019 112.3075605026 138.4519841471 137.9805244962 0 245.3610726031 358.6046445737 349.1676802429 373.0592866178 518.2377738427 474.5034151278 2.6500177081 35.3698355679 161.6778480479 16.8093498609 83.5027573994 23.4227371616 23.02899064 207.7306484527 300.4216881693 451.173070242 496.7164179104 0 1436.8458183658 53817.5880192259 23763.1785209545 34.4959946033 108.4875284594
0 59.2450358378 132.4300801079 111.893953959 0 32.3804705287 185.9908322793 25.4743637743 62.0323467409 53.2075891728 202.8019090986 0 176.4260730247 0 94.1511830677 127.997841302 0 149.4026275403 379.3540500885 107.6154144532 0 58477.5150687242 134005.7051690699 93139.9280209124 0 0 6708.7585799814 0 0 0 10.6138864997 0 0 0 0 4.6973269247 0 10.6000708323 10.6000708323 68.2019057256 1.0923012058 7.2040070832 0 0 0 0 0 3.4789577536 251.9252415887 794.0727548697 54726.5190521966 0 0 0 129.6332709335
43770.0843039042 12872.9104578801 39691.4739117969 41313.8935019816 20034.1338730078 2168.3560502572 64289.522853529 1422.4619816173 0 180.9058031875 240.6801517835 82.6366877477 189.3445855468 0 66.4084593979 102.1668606122 198.738375917 50820.6494038283 125058.8343705203 71199.9314613374 104.4697596762 196.2455114259 4.0851201619 261.9070613037 0 63.4139134834 4489.7637912134 3614.2260898895 0 115.11214099 0 32.1602833291 0 182.1457593389 0 0 348.2739792563 192.4272063412 55.5225769458 0 159.4587064677 397.0855957501 400.9885217978 252.5754414369 136.3045113416 84.7729353234 106.0266126992 21.2053225398 29.739951092 1048.2611754785 46951.0778311831 2477.2441521208 29.4757264525 92.8188346404 77.2123113247
608.0016190235 420.9461168733 1359.9797622059 899.9698456868 2531.9973690868 1482.1448014166 0 46610.3739741968 10947.2490564129 196.8482199174 172.624174045 474.9610591112 30.5809798465 0 0 55.5804300531 124391.5583573657 77643.5915608399 102.4578531073 40.0922033898 90.2543013745 39.0853866262 25.1894156337 139.7627455941 0 121.0442431908 144.4721612278 4978.1381364365 4990.0127025888 1426.0877308373 1285.3751581078 1623.6319150013 1874.3318795851 2062.370021081 216.2065604182 411.1369930011 75.7357618686 0 53.341428451 88.8036562948 112.538972932 0 99.4443106501 478.4158394468 906.9053107345 1196.2192022936 1179.7785580572 1349.6620490767 1535.6684239818 672.1045889198 57.1191500126 37037.4315271102 249.3106265284 280.6575124378 0
712.3703516317 1036.1750569188 1878.7546201197 2174.4798448436 0 0 490.2282350957 16112.5463125053 42771.499951092 209.8237220676 553.6974112488 0 0 112.7254844422 100629.726000506 124089.8837608567 20162.2120178767 239.4989122186 124.731299435 0 0 0 64.1634134413 4.0592157855 0 0 72.0970604604 339.8861421705 2613.5020355848 1261.9247896113 1522.9148359895 1137.7115777047 217.8290378615 730.2530061557 1783.2797234168 278.0109486466 156.3035534193 0 0 8.4241032127 0 74.9741732018 198.1460291762 64.2635770301 0 0 82.9078202209 500.8248520111 0 0 100.8371026225 39605.5499586812 441.9787435703 20.6207471119 0
1165.6969390336 931.6077240914 1942.1219057256 0 0 511.7452736318 89.586831942 0 3654.760394637 45961.1679905557 233.1255721393 0 0 30229.1068859094 83670.229193018 17.0709840627 0 56.3480630745 0 0 0 0 0 0 0 28.9041032127 343.054247407 0 2260.3260848301 0 0 0 0 969.8633071928 176.8906248419 3.1672417573 0 0 27.4586390083 0 5.3552980858 133.882452146 44.4622716924 0 0 0 0 0 10.9653225398 579.8133400793 57964.4227675183 13126.0799730163 922.7138881862 598.4662180622 0
