data/patches/PatchStreams.asc
NCOLS 129
NROWS 129
XLLCORNER -27000
YLLCORNER 2099760
CELLSIZE 2195.348837
NODATA_VALUE NaN
[rows 72 to 95 of 129, columns 0 to 53 of 129]
74098.2279879165 104.6620779769 604.6644311979 893.8733646492 455.3694499156 0 317.8883356974 153.6519796754 0 657.123199781 506.677158234 212.8990906887 0 42.6676602449 1093.4101470483 282.1703605286 175.9949482907 377.6239563883 0 0 0 0 0 257.5133200768 956.4780459997 1479.2192548837 1785.1391034814 1120.2281332142 106.1612200607 938.3456722655 0 0 9.0195020738 62.4104726102 915.1362338857 1565.9170243824 0 318.5307184537 3735.086731812 62.2424073542 95.9570446711 575.8901654517 201.1121140656 36.977344154 0 1739.9011652542 106.5488905846 0 94.1053390279 131.8893964109 0 0 4093.8604890836 10439.3442471632
117028.2388444412 129.8106159329 0 766.8660771869 209.2912898592 17.0888752334 0 199.0721753358 0 0 127.3127927499 322.9922907839 8.7244541798 123.2329152901 1047.2743668755 57.369261886 133.555856794 306.9364566576 121.632187096 26.5169626185 515.0266401537 1618.6551547687 1388.6238653584 1236.6032391016 906.981707663 1153.4475382433 72.4906531887 854.727605214 730.8172002029 207.205786771 0 150.0434318892 280.3447983697 841.8485779051 102.2860087349 402.0658733123 975.2109729155 3928.5455275962 51.5161092359 59.6639128483 262.4843168719 473.7020080437 56.7970930587 29.893206873 119.3995335392 1204.1263090258 941.6651478113 493.705508295 201.9389951253 146.8233015836 16.5338864102 0 7504.3497201774 78.6276493824
32728.2481370296 29.206006715 0 185.1996956245 257.3213522066 71.2036468059 0 136.1866382685 8.114937518 66.0832586721 199.4269797652 0 0 1139.9044664339 0 139.3253502945 0 61.148862755 0 367.8761715384 1066.8408974612 22.9016922221 146.5708302212 472.2558998851 290.6946303146 75.0713885647 791.3191984613 92.21404468 663.1160333327 179.9418674591 179.9418674591 51.6968727557 434.2537311477 218.7074259372 24.8803805031 295.5184766411 1063.8665159078 3928.5455275962 34.8081819161 0 77.8821866023 288.2147340922 11.5031330796 151.7681548944 431.6752366418 494.8767363904 139.7048042947 682.8117874264 54.6473516949 0 125.6575367172 53.0189861031 7254.2686192007 242.4352522623
75577.3725471309 0 0 12.1201193084 95.8464950804 208.607077528 270.6253978742 5.6380291224 24.5435030343 56.099435507 77.1367238222 9.9001640154 0 1139.9044664339 0 101.8475451558 30.1770504165 0 25.6729015549 1017.5447435184 10.1287327636 0 0 291.6656740161 18.7650460536 366.3673190175 450.2132078605 66.7756875269 401.1254548352 459.8900318245 10.9055677248 413.5749820454 85.7924579862 62.9535101264 355.5767826235 1394.8983015836 849.41524921 4726.3983562554 0 0 144.633971515 116.198077151 30.7955305587 217.4316239048 719.2311549303 104.3655361696 0 384.3002553146 8.8140889831 52.9084365125 0 430.6100763969 7026.9913591191 248.9875563775
79198.7134606166 676.1399702402 628.967414177 581.7948581137 770.4850823668 251.5869656708 0 0 49.0870060687 80.6429385414 0 108.9735120116 217.5698108931 1315.8702834135 23.6680697896 128.2524642703 0 169.4411502621 809.8616514202 194.0668185327 0 33.6548807814 192.262918118 11.5494443946 79.1811442922 633.4491543378 3.1797946441 204.985831478 331.0444839396 51.6520553541 227.466240125 206.7874910227 0 522.9070332699 585.6558772623 194.7331039033 98.4810113383 3712.8946484487 8.0805775101 0 195.4240388448 0 20.0991107081 100.4918187572 324.9881590689 20.6757612755 299.3765079629 43.7716622379 0 91.0084565768 198.07722902 7075.9864895145 0 242.4352522623
84583.2434081891 431.1971843579 250.9953759695 231.6880393565 0 534.6223020504 581.7948581137 581.7948581137 238.2425843418 86.9756373887 0 135.5741337798 343.8264068784 270.5028969764 472.6764365035 11.253649544 0 118.0953471524 969.0859280289 240.0748691109 63.1775971344 105.1715024418 0 0 596.8049528691 5.4229055947 125.7867602252 32.6113822806 233.3761614838 217.0798073021 341.3562210931 0 648.4047212547 292.8279386311 92.5516691055 41.1304233697 34.5751314278 2196.2536101785 2562.891327519 104.4125944413 15.8451923388 0 73.8770048118 226.1784867854 9.5909239443 3.89911394 103.5909420784 0 96.3618951989 107.0687724433 0 7256.9300258995 98.284561728 45.8661288064
16123.4404296987 238.1238182275 0 0 0 0 0 0 0 0 0 0 0 2.804822384 156.9191682527 287.6350956981 6.9885268242 96.8899935812 236.1070351551 463.0631038584 324.0686553792 0 151.3804843705 136.611656627 353.9506579018 23.9429498528 0 149.5033821998 68.5310357566 63.2216675794 81.0642221165 574.5964364586 369.6867945633 0 12.0469175524 0 1701.4784598984 4937.2291238599 1740.3702540577 0 153.4368561477 210.2653213875 142.0711630997 0 0 0 18.9779287112 113.0810268691 527.7114587223 2800.46090388 9572.7340548693 5024.0284794689 0 187.4749257128
21371.1182005889 8548.4472802356 16792.0884243034 17334.5014846668 1091.544249228 1331.1784138897 162.917977458 561.5306699763 537.1880982925 426.5615711182 401.2397392093 44.0517709979 112.1928953605 14.0241119201 52.2451389687 68.5407461936 188.6902242531 56.0942068102 142.7852536986 327.9177232207 175.6886960464 133.9293351408 69.1487689421 80.8117507541 96.8810301009 19.3013609595 0 26.569249587 13.8933944987 0 15.5225070472 806.9223768314 43.5923926314 0 0 46.1581888735 794.5311122432 3751.6318225725 56.6342564996 0 0 8.1642366597 0 32.800362324 0 132.3338356435 1389.5052742567 1483.4664506428 866.9545393296 3005.5184432006 4234.6095388358 19.8809993536 0 198.1877786107
0 12884.5630050183 25188.132636455 12878.0928661394 14668.0939107387 1386.9013832232 1100.7153835105 188.7947981902 82.3684085033 0 260.2636146222 352.4201436369 62.7055205042 1.8942821747 7.4098103993 7.4098103993 0 100.1422430246 161.0983909527 224.4007298549 0 0 0 0 0 0 0 0 0 0 0 214.3765710284 545.2036905702 0 33.7564668917 0 4092.6892609882 0 105.40007119 263.4673118806 680.9682983069 588.4330622486 674.8701438613 1511.6356814673 1030.6359065283 1175.065958866 0 78.6971163549 70.5560353526 4874.020901501 371.0096548675 30.8089757792 182.1184992639 53.5642644894
11046.4138789141 238.4913209207 44.5425215455 185.1877443174 11699.4908142865 7779.0422972476 31.5514507325 0 0 0 0 0 15.1542573973 5.682846524 65.8800864515 0 0 0 0 0 2286.3896213373 457.2779242675 2515.028583471 2648.2266480088 2053.409346901 78.2945066971 39.1211098643 1.6388229855 260.3778989963 56.1599389992 165.7989894247 245.8398808712 141.3720116346 52.9935895756 3000.3465150549 3154.7813053451 1449.4941132667 43.7746500646 221.8282110026 90.1128555013 218.4878206693 0 18.4012781439 61.2220645109 128.513899113 10.420045874 5.6156204216 208.8438627998 6580.1543955131 4589.6963178684 268.483873034 13.5983466048 42.8514115915 23.0062661591
34072.4213565157 86.7059860223 114.1402114604 163.337020163 0 10852.3605056018 16084.9900869452 2157.7046691414 13650.3250802122 15739.8258806288 5135.9651686836 54.7877795533 128.6453634911 116.7874259821 26.9509444574 82.0643971291 68.0746452169 5644.7024334782 4636.4520720967 4957.1870597529 3086.6259888053 4687.0987237414 1714.7922160029 2329.0251624443 1727.8856198829 3591.8936397587 3977.337485771 1158.8540107907 65.9271447231 0 22.8688261275 0 0 0 3087.9966543378 0 53.8764923872 116.8598807814 166.7087826774 108.1354266016 56.9009200391 0 0 0 34.7334862468 0 0 4553.8177470106 1254.6048954144 51.6356223068 245.2692059573 0 0 3568.4526448039
46524.929670892 11142.0721409078 0 150.0934779876 13.2435421754 1840.2622665901 0 15614.9115658216 2215.2532006338 46.6100976731 12580.0369776106 15866.3685610277 9721.9140048208 0 0 2677.9502957124 6131.4911227916 2668.5819648628 139.4179729244 280.5210801494 420.7816202241 226.0425406672 41.3014764525 0 0 0 21.9396120009 3539.8554077941 157.7124362611 0 0 0 448.3547796072 587.4993663818 2965.0079938865 0 0 0 0 0 46.8595812087 117.1489530218 233.4359180192 985.6183205257 621.71521164 4040.1341349917 4868.4120036897 3017.3211059142 96.8167918253 200.0880364389 0 16.658628178 0 9780.3797991328
38085.3498348176 5876.9641355753 0 0 13.2435421754 690.0983499713 1286.9197358877 0 0 0 5.7665056737 66.407437877 13843.4499863545 14923.5501120817 16171.6251120817 7472.9409381733 0 0 19.0115417624 53.8660349935 0 54.0789176512 136.5586227018 0 0 0 1480.1417464001 1744.6921454862 604.2730258905 37.8363443515 0 393.878480995 123.684077133 0 2236.8260568982 131.3329136742 0 9.4953134875 0 8.1866453605 396.941750395 831.4509407318 778.1197267308 0 3429.7965677068 0 650.6881678666 0 193.6335836505 0 169.4620650496 242.9894941288 546.9172092251 9392.9826613671
0 165.5285911017 7661.0761736031 2217.4275915685 0 178.3374044815 1583.0185978796 1241.5353941486 1186.9552685561 1174.4721282947 0 0 57.6799958704 5.2436359882 0 10206.4043083884 0 257.3923130925 418.9665154589 305.2050110421 76.5660489084 0 56.2256711882 0 52.3287981184 254.9505116615 2115.4187037669 0 576.6460856255 145.4287334369 292.9534273556 79.1430495009 64.8306122971 0 2461.0781423711 52.2092850474 32.7577857925 302.8550852844 346.1001430534 438.3141877334 190.664430794 1.8315378124 0 885.4364887963 2671.4928550973 0 584.6990257379 0 0 0 33.4009155056 165.6720067868 9769.3644287741 168.5462961433
2.924335455 0 953.2594096075 8607.9289356507 0 61.5723872002 198.1885255674 85.332332663 21.1762222601 870.1836331155 1023.9566197752 0 0 0 6281.2156041727 3168.1734919025 698.3313066468 279.8376147748 0 47.6072848589 3.7377712942 0 0 0 39.550609963 118.651829889 2467.112058541 56.7567573973 358.2112988814 1.2899942096 84.365023745 114.2253645235 18.5230320849 2424.64682356 462.9637586182 204.0065712529 1.7844795407 17.1374274185 0 1325.3999569089 53.0159982764 187.1686734685 1502.5243037202 2090.0460788028 50.991745637 0 411.6119798549 75.4530834351 21.6393354101 73.5737403943 121.1802782965 38.9508037381 8990.7815888933 206.518586613
145.0933498815 0 138.4768074907 5148.9659499336 0 0 163.7209559035 0 0 0 951.6063944448 225.3687857297 17.6759831945 61.3281323614 10571.3389644678 0 41.9550635593 101.0953597655 69.7209377693 0 0 218.5542998151 192.5594599253 14.338580688 0 303.0642331586 1772.1502735385 11.8243244578 240.4124935363 0 3.5069616759 3.0871720141 1113.042409823 601.9021853454 92.5120804007 97.8236894481 59.8312311477 363.6663236139 1993.7416992692 954.2879689744 2017.7332013071 2256.9677441378 1077.5948329772 17.9351771671 73.7537569574 270.101781232 111.3458464701 2.6860562698 0 177.1781276932 172.0495230358 8573.1140311243 9066.2391540685 147.1967799303
98.2890434681 102.9694741095 0 3033.3097139382 1665.7687012532 25.8506772479 51.7013544958 0 211.7562469477 623.9120112755 277.8977682419 0 3.3463659868 71.9468687159 5775.1726121714 3478.2792858105 0 0 9.8419013933 0 2754.7165290147 5068.3924783647 0 0 0 2266.1702506015 772.2934645217 67.7101303505 171.8254360277 146.174196217 47.4078474217 180.9129111606 2121.5504712636 137.2517985134 0 0 98.7215313936 2500.2059748456 86.621579916 51.150100456 158.804486947 58.8332970052 0 73.7537569574 89.2964318353 14.5678963929 0 59.0932379345 107.44225079 99.3840819808 3265.3719785981 9277.3761739173 23.3199879704 72.5294949368
0 295.1517209046 1312.6934765962 2088.6507636994 3006.7232843472 29.1940554079 7.298513852 56.3041016411 301.9923503034 110.7751715563 30.580407031 0 0 1952.0308905487 0 7593.6782711505 4988.5652165326 5487.4217381859 4636.738903467 4105.7886405218 1398.3484945508 2534.2179009265 1292.102121427 271.4216537094 74.8749389543 1511.9561258888 2213.8825351013 180.5603476013 24.1879516482 2.497823183 649.3048040703 1157.9740958058 0 1.9450752298 0 5.9681839809 1772.8733276178 227.2914522587 0 0 0 0 0 0 0 0 0 0 3290.6497400621 7260.4541675794 9521.1148656097 0 0 9.8456361767
1149.7545843508 1007.3510255225 126.7025291314 480.4679417732 2842.631090967 2062.4445350654 0 46.8790020827 181.6643495942 50.1125776088 0 1300.7354468903 2155.2666024939 1052.1594636509 559.6027747504 2040.7491779033 108.3281414285 172.1152552248 170.8312366687 61.6373724325 65.2631002226 782.081585033 4596.7968881966 107.6327247468 306.5062096021 1786.975123034 259.6033049052 184.581962439 48.9017608087 379.4689394211 814.0647767344 12.6848185687 0 0 54.7086021438 1426.2577844459 151.720349666 0 48.3385554618 6.4014188631 0 0 3.3374025065 28.4829526357 49.1497504309 3.5136842861 3805.5815167157 7106.1874425452 1335.0655765226 2101.5282970949 850.1233641554 2291.712434735 1328.419155864 1288.6519284599
82.8292807832 23.3976714665 422.7969093831 121.9182715096 0 2612.5131545802 0 17.579625781 5.6201021617 0 742.8499255781 1013.1406868536 0 88.9894326343 2037.0323213965 156.4739820633 1035.1355736498 245.4798477449 12.0469175524 0 0 4551.7329908791 4.5019079916 0 175.9785152435 1553.4540519517 0 76.5361706406 0 1084.45040151 54.0721950409 0 0 47.4257743824 119.3412709171 1395.755060911 26.854587044 0 27.0151827331 236.8524979352 185.6411470303 0 54.1633237575 1851.6690422562 2591.3951949422 4290.9920709297 3872.3586981561 0 0 2001.4555210428 0 1175.7695920712 0 13.4422326558
33.5794381553 222.2778789321 0 225.5488022928 0 2139.5491397497 1787.5263770738 0 0 0 1244.7525366274 269.8694777004 198.9175553002 104.693450158 1959.9927019445 75.3888451594 481.4584063488 92.0549429043 23.0137357261 16.9170751939 4267.7505134121 1322.4509718831 104.0271647874 0 884.3929902955 587.7271881733 0 0 0 951.8827684214 18.9555200104 0 40.4342597314 136.6392940247 1234.1689072375 119.6146570669 0 78.2735919097 53.7457749659 115.9777249264 293.9147606202 615.4445101982 834.0324230645 1891.6491523179 203.9400921072 2997.6417848679 12.7908864191 113.6397504758 586.4177730896 1548.6048090976 0 1234.5580716748 0 27.831606399
0 116.9435399311 0 231.6447158683 422.1261422723 629.8361248115 1407.3552983607 16.7004577528 0 0 1340.0350794043 0 193.6828827923 649.3630666924 649.3630666924 0 455.0430298406 0 0 17.2098822178 3021.6863208309 0 0 0 270.7942100869 961.7515602557 13.2390604352 28.6315970177 120.888965186 901.5102498833 0 0 55.466016231 744.8039642883 558.9282728562 32.2774926386 0 249.0368555192 280.3851340312 193.0748600438 249.6045426063 339.4836006625 1061.382884902 401.2255470321 1736.2149339719 46.8999168702 91.015179187 135.5636763861 1812.2611010216 155.3819313775 7.2514555803 841.1695942707 0 528.8005215814
317.4282103742 0 6.0959135755 195.0692344154 891.1551892416 0 584.3128491274 756.070312096 0 81.1374238725 1206.1371164446 26.8859592251 0 1218.8988715527 26.6820400478 0 49.7630018763 271.3096102054 0 0 3611.6319703839 55.9530319951 0 153.3412456909 116.0546614658 730.4967557814 0 0 0 692.8493914734 81.357776097 0 481.4546715653 250.4157375754 0 0 2.0369509031 20.3695090312 151.5545252801 239.9613316935 94.7215783001 1080.2226266249 339.4985397964 278.2936552894 1311.806839001 0 0 88.6264116813 1761.6010041565 34.5079053253 29.4988137389 865.0057293163 0 394.8569942635
542.6640378124 15.7070053505 0 0 843.1721851659 0 1310.9821988114 93.076779661 0 36.5590484056 1100.9813000934 0 0 677.8370558478 668.6629337385 0 2.5695310256 200.6766383133 0 1967.7244506787 417.835623025 531.5538039536 0 202.1877317043 0 693.03538369 0 45.8706105465 212.3082479442 504.3391837834 36.6315032049 4.6453236767 375.4152054456 271.956474702 0 148.9013351049 310.5338000934 384.2024039877 421.4919760396 501.1750752298 891.9604085572 524.6795615035 0 1232.6832103742 299.8418619829 0 31.8382821028 0 621.1422958561 724.6660118321 1.2265028907 667.9832031474 52.9674460913 142.2907683676
