data/patches/PatchRoughnessBAK.asc
NCOLS 129
NROWS 129
XLLCORNER -27000
YLLCORNER 2099760
CELLSIZE 2195.348837
NODATA_VALUE NaN
[rows 69 to 91 of 129, columns 0 to 52 of 129]
0.419042705 0.9792602252 3.019198955 3.3396433765 1.39382119 1.5066116507 2.8675667463 2.87802414 3.1170502819 2.1370431 1.8756082573 1.5910177571 2.6375040847 2.5792414626 2.7637397659 3.6548591012 2.9303111085 2.8376884785 2.8190145612 3.2515024867 1.5185629578 2.0959604819 3.4225555695 3.4330129632 3.7071460697 3.4188207861 3.2768990143 2.4776553523 3.0871720141 3.3598112073 4.0133983141 3.3904364317 3.8856687195 4.9538167912 4.327867082 2.6449736516 1.6627255997 2.1803665883 3.3359085931 2.6225649508 1.2518994183 0.6095166619 1.1219289536 1.2459237647 1.4229525011 0.3600331263 1.216045497 1.4954073003 1.4020377137 1.8210804187 2.2535683442 4.6871532516 3.0289093921
0.0478052284 1.4991420838 3.9603643888 2.9497319825 2.1504883205 2.7734502029 3.204444215 3.482312105 3.0445954826 2.4253683837 3.9133061171 2.3200474899 2.5411466712 2.8959511006 3.2343224828 3.2343224828 2.5209788405 2.5262075373 2.5284484074 3.2828746678 2.4888597027 1.5917647138 2.0406856866 2.9930554708 3.0886659275 2.0735517811 3.5174190696 3.6899660658 4.0753957196 2.5501101515 3.4696138412 4.3719375269 3.0042598212 3.7878173926 1.3870985798 2.5717718956 3.5204068964 2.2864344387 2.4059475097 2.0750456945 2.9519728526 0.9516228275 1.4027846704 1.7635647533 1.8240682455 1.3699185758 1.8681386904 2.2184613796 0.9307080401 2.1714031079 2.4335849074 3.1738189906 2.4178988168
0.8119419258 1.2944759498 3.8707295856 2.9400215455 2.8212554313 2.8600971793 2.9086493644 3.4404825302 3.8908974163 3.6152703964 4.9007828659 2.907155451 3.0998702779 1.9854108913 2.0108074188 2.6300345177 2.8847467502 1.8785960841 2.1161283126 3.7683965186 3.3291859828 2.8825058801 3.2537433568 2.8862406636 3.0281624354 2.8369415218 3.0281624354 4.1381400819 4.4563436333 2.916865888 4.5273045192 3.4292781798 2.5777475492 3.955135692 3.0147172149 2.8010876005 3.8206834871 3.0042598212 2.8421702187 2.3499257577 2.8384354352 0.521375772 1.9293891393 1.6896160406 2.1415248402 1.9301360959 1.0883159024 1.1854202726 2.6576719154 2.6868032264 2.5575797185 1.8748613006 2.7129467107
1.7067960446 0.9441532606 2.2789648718 5.2242151142 4.3002296844 3.3568233805 3.1775537741 3.0468363527 2.8347006518 3.0767146204 2.748800632 2.7667275926 3.1932398646 3.2761520576 3.6033190893 3.5151781995 3.0132233015 3.0849311441 3.4950103688 2.6651414823 7.04085843 3.6376790972 3.0012719944 2.8406763053 2.822002388 3.3232103293 3.6735330185 3.3105120655 3.2529964001 3.0072476479 2.9176128447 3.2373103095 4.7536323973 3.7900582627 3.8580313218 2.6143484272 1.6530151627 2.4365727341 1.57906645 1.8494647731 1.7538543163 2.719669321 2.0123013322 1.8531995565 1.5491881823 0.3906583507 1.1772037489 2.4948353562 2.422380557 2.0675761275 1.1674933119 2.4731736121 4.939624614
2.7099588839 2.0541309071 5.5506351892 4.7409341335 3.8669948021 2.8466519588 2.5889518996 2.1773787615 3.2163955221 3.9170409006 2.7054771438 2.5792414626 2.6576719154 3.4755894948 2.5568327618 2.8264841281 2.729379758 3.1073398449 1.7067960446 1.9092213085 4.1109909294 2.8234963014 3.2373103095 3.640666924 4.2584001095 3.3934242585 3.0378728724 2.8645789195 2.9377806755 3.6690512784 1.9443282731 2.0922256984 3.9588704754 5.2122638071 4.7954619721 3.3956651286 3.8856687195 0.9598393511 1.2018533198 0.3495757325 3.0513180929 4.0007000503 4.3696966569 4.4555966766 4.9060115628 0.3099870278 0.7297766895 1.7867204108 0.8298688865 1.4991420838 0.3764661735 1.5529229657 4.36446796
1.8800899975 0.8933602054 4.4511149364 2.7375962816 2.5680371122 3.036378959 2.4171518601 3.1984685615 2.841423262 3.9297391644 0.3309018152 3.2709233607 2.5919397264 2.7435719351 3.1663494237 3.557754731 2.7577641123 2.7614988958 3.6765208453 2.9295641518 2.7600049824 2.8010876005 2.2244370332 3.3904364317 4.0417826684 2.7532823722 4.1493444323 2.9153719746 3.2627068371 2.2221961631 3.7325425973 3.5181660263 4.6012532318 3.7146156367 4.2277748851 3.4300251365 5.8456830832 2.4007188128 5.6432578192 1.932376966 2.3215414033 3.7400121642 4.1934148772 3.5532729909 3.4150860026 3.3157407624 3.0281624354 3.4352538333 2.8847467502 2.1370431 1.6485334225 3.3934242585 2.7510415021
1.4842029499 3.1379650693 3.6757738886 2.5844701594 2.3349866238 3.5308642901 2.7263919312 3.6757738886 2.8182676045 3.6444017075 3.009488518 3.1775537741 3.3321738096 2.7719562895 3.1962276914 3.1364711559 1.9996030684 3.7131217233 2.6980075768 2.0855030882 2.8436641321 3.1148094118 2.6920319233 5.4385916852 3.2201303056 2.6793336595 3.1125685417 3.1999624749 3.0797024472 6.0966605322 4.8828559053 4.688647165 4.0432765818 1.8218273754 5.0733298621 6.6800337098 5.9502570203 4.4137671018 3.9872548298 3.121532022 3.937955688 2.5986623366 0.8956010755 2.6785867028 4.9134811297 5.2675386024 3.7489756446 3.6257277901 3.816201747 1.5768255799 2.1885831119 1.5529229657 3.3090181521
1.747131706 1.7396621391 3.8976200266 2.7241510611 2.3835388089 3.06551027 3.3291859828 2.9041676242 2.9123841479 3.0311502621 3.3538355537 4.4122731884 3.2134076953 3.3807259947 3.214154652 3.0744737504 2.8459050022 3.1461815929 3.8610191486 4.281555767 3.6078008295 2.683068443 2.4014657695 3.1581329 3.1424468095 3.1319894158 2.9945493842 3.2388042229 4.4145140585 4.0373009283 4.9254324368 4.2113418378 4.1896800937 4.5609175704 5.5528760593 5.7866735044 3.8908974163 5.0471863778 5.9024517919 3.7108808532 0.7947619219 1.4729985995 2.1549700607 2.1997874623 3.175312904 4.0664322393 3.4397355735 1.4080133672 1.0756176386 2.7883893368 3.0714859236 2.8892284904 2.3581422813
1.8658978203 1.6664603832 3.4143390459 2.9250824117 2.5000640531 2.7092119272 2.6165892973 2.7017423603 3.1558920299 1.2870063829 2.9557076361 3.0057537346 3.2305876993 3.5226477664 3.1775537741 2.9855859038 3.5428155972 3.287356408 4.2382322788 3.5495382074 2.5949275531 3.2246120457 3.9200287274 3.2858624946 4.8701576415 3.2492616166 3.3224633726 3.2186363922 3.3874486049 3.4023877388 4.3457940427 4.3159157749 6.1295266267 4.6744549878 5.2152516339 4.7050802122 4.9209506966 4.076889633 5.7157126185 4.3076992513 1.9712187141 2.0048317653 2.3805509821 2.5366649311 1.9727126275 2.9669119865 1.1667463552 0.7671245242 1.7306986588 3.3986529553 4.6229149759 3.2126607387 5.3272951379
1.9719656708 1.7209882218 3.511443416 3.8826808927 3.3844607782 2.6509493052 2.3872735924 3.1416998528 3.4218086128 2.2886753088 2.6076258169 3.1312424591 2.1534761473 2.0937196118 2.795111947 3.2858624946 3.7519634713 3.2634537938 2.9176128447 3.2477677032 3.2425390064 3.8490678415 3.4942634121 3.4516868806 3.6854843256 2.6546840886 3.0744737504 3.7609269517 2.8638319628 3.0901598409 5.8479239532 7.922222691 6.2886284024 3.9289922077 2.8630850061 4.7050802122 6.4372727844 4.7864984918 6.6441797885 4.6535402004 3.4397355735 3.3919303451 4.4242244955 3.416579916 4.4466331963 4.6923819484 2.3327457537 3.5409072539 4.7797758816 8.3599393134 5.5685621499 6.3155188434 4.7730532713
1.9077273951 1.895776088 4.3950931844 2.860844136 6.7270919815 5.5416717089 2.7047301871 3.092400711 3.4083633923 3.0124763448 4.0619504991 2.2027752891 2.4724266554 2.8361945651 2.9370337188 2.9840919904 2.7353554115 3.3568233805 3.241045093 3.8744643691 3.5233947231 5.0352350707 3.3381494632 3.5009860223 3.3754972978 3.0782085338 4.4296300008 3.3560764238 3.2373103095 4.3323488222 5.814310902 7.2551903638 6.3752753788 3.4150860026 3.7011704162 4.8873376454 7.0393198793 5.5356960554 5.8187926422 3.6092947429 4.4772584207 4.3480349127 2.617336254 3.7669026052 2.8294719549 3.6638225815 6.8282636619 5.7261700122 5.1263637873 5.4736986498 6.8772302769 8.1492975259 5.0658602952
2.3402153207 2.4477770845 1.8382604227 1.7008203911 4.3891175309 5.9226196226 3.5465503806 3.482312105 2.9026737109 2.3290109703 2.8152797777 2.87802414 2.9952963409 2.4664510019 3.2724172741 3.1909989945 3.0348850456 3.2081789985 3.0057537346 3.267935534 4.383888834 3.277645971 3.9872548298 4.2658696765 3.1110746283 3.1043520181 3.9104950988 3.5711999515 2.8675667463 3.0692450535 4.7110558658 5.8837778745 4.6856593382 3.0206928684 4.2710983733 4.5855671413 5.7396152327 5.2750081693 4.5146062554 2.1967996355 4.0612035424 6.4492240915 5.0845342125 5.5207569215 4.6005062751 6.6396980483 4.198643574 4.0828652866 3.6092947429 4.3002296844 2.5463753681 3.9894956999 3.3956651286
3.333667723 3.0841841874 5.6716421736 3.2821277111 1.384110753 2.5418936279 3.2089259552 4.5668932239 4.6005062751 4.3950931844 3.5659712547 4.2330035819 2.8257371714 2.4440423011 3.0483302661 2.2311596434 1.7135186548 3.0348850456 4.5175940822 5.3870516734 6.0189770361 3.9865078731 4.1717531331 4.020867881 2.7099588839 4.327867082 3.62124605 2.8294719549 1.9293891393 2.1796196316 4.7670776178 4.6542871571 2.8623380494 3.8274060974 3.9596174321 5.0658602952 5.7000265279 3.1036050614 3.8475739281 3.7444939044 4.0694200661 5.0315002873 5.7665056737 3.360558164 2.6793336595 2.627046691 3.3792320813 5.765758717 4.847001984 5.7762161107 3.9357148179 2.9572015495 3.908824377
4.1822105268 3.8266591407 4.9941524526 3.6257277901 3.1648555103 1.9682308873 1.6216429815 2.960936333 2.4858718759 0.509424465 0.6080227485 2.5090275334 5.3004046969 2.6225649508 2.50753362 2.870554573 2.7480536753 4.2389792355 4.3286140387 3.7474817312 3.5301173334 2.6853093131 2.8040754273 2.6404919114 2.2266779033 2.0869970016 3.165602467 2.5351710177 2.0959604819 1.9144500054 4.2479427158 3.5667182114 3.9424374282 2.6427327815 4.4615723301 4.1911740071 3.3306798962 2.804822384 2.3290109703 4.318156645 4.5922897515 4.5459784365 4.4742705939 4.4197427553 5.4632412561 3.3217164159 3.4957573255 6.7196224145 5.4953603939 3.6429077941 2.824243258 2.0287343795 2.4567405649
3.1775537741 3.5495382074 3.0886659275 1.4774803397 2.5478692815 5.5200099648 6.5030049734 3.1073398449 2.9220945849 3.3403903332 2.4582344782 2.0063256787 3.1738189906 4.0873470267 2.8914693605 3.9790383062 3.8274060974 3.455421664 2.3446970608 2.1557170174 2.582976246 1.4954073003 1.2152985403 1.3564733554 1.5805603634 1.7822386706 2.6905380099 3.2246120457 2.0586126472 1.7777569305 2.8436641321 2.5277014507 2.5620614586 2.0750456945 4.7596080508 3.06551027 2.0302282929 1.337799438 0.3585392129 1.1406028709 4.7140436925 5.1816385827 4.5624114838 5.3108620906 5.6215960751 3.2440329198 5.682846524 6.3446501544 2.8444110888 2.4948353562 1.2698263789 2.0160361157 4.0806244165
5.4199177679 3.5667182114 3.8789461092 2.1646804977 2.4216336003 4.4309471057 5.4445673388 3.9894956999 3.7631678217 2.8832528368 3.1670963804 3.7975278296 1.6126795012 0.8941071621 2.9975372109 3.0961354945 3.138712026 2.4477770845 2.1206100528 2.8264841281 2.5291953641 2.32228836 2.3417092341 2.6315284311 1.7053021312 1.615667328 3.1439407229 4.0104104873 2.8078102108 2.6315284311 1.532755135 1.6731829934 3.2402981363 2.9459971991 5.7209413154 3.3822199081 2.7622458525 2.4634631751 3.2178894355 4.4175018852 5.9397996265 5.246623815 3.4561686207 3.1230259354 3.492022542 2.7764380297 6.2370883905 4.1747409599 4.8096541493 2.4955823129 1.0046567527 3.0565467897 6.1071179259
2.5911927697 3.2948259749 3.3194755458 3.119291152 2.4380666475 3.5644773413 5.8038535083 5.609644768 4.3861297041 4.3218914285 1.5820542768 3.3710155577 3.955135692 3.733289554 1.968977844 3.4038816522 3.214154652 3.5375869003 5.953244847 3.3075242387 3.5801634318 2.9325519786 2.1191161394 2.0466613401 2.5277014507 2.4634631751 2.4537527381 3.2036972583 3.2328285694 2.7741971596 3.5159251562 3.7683965186 2.7151875808 2.1915709387 6.5164501939 2.8989389274 2.9497319825 4.615445409 5.1756629291 6.696466757 4.2696044599 3.1424468095 3.2253590024 3.6735330185 4.5818323578 2.3566483679 4.2598940229 3.4352538333 3.7594330383 2.5381588444 3.8020095698 6.0376509534 7.9872079234
1.7478786627 2.2625318245 4.094069637 6.2789179654 2.2961448758 2.0780335213 3.8804400226 2.8623380494 1.5312612216 3.0916537543 3.3545825104 2.7891362935 2.4276092538 3.3889425183 2.107911789 4.8694106848 6.8234493949 3.7049051997 2.1654274544 1.9749534976 3.1835294276 2.6912849666 3.1648555103 2.7271388879 1.886065651 2.9332989353 3.3874486049 4.2232931449 3.0244276519 1.0913037292 2.9385276321 2.7405841084 3.5002390656 4.4630662435 1.9854108913 0.5505070831 0.5415436028 2.8772771833 2.6262997343 4.3495288261 4.5302923459 5.0367289841 2.9303111085 3.8781991525 2.9295641518 2.2602909545 5.6977856579 5.5909708507 3.0901598409 1.6612316863 3.5219008098 2.8339536951 6.667335446
3.2014563883 3.0289093921 3.4755894948 3.9603643888 4.020867881 2.4694388286 3.3179816324 1.8098760683 1.8793430408 2.4574875215 4.1807166134 3.4233025262 2.1519822339 3.3090181521 2.934045892 2.8451580455 1.5947525406 1.7501195328 2.293157049 2.1183691827 2.7973528171 2.943756329 3.0976294079 4.159801826 2.702489317 2.814532821 3.4852999318 2.9945493842 2.2625318245 0.8851436818 2.4403075176 1.20857593 3.5174190696 3.1170502819 3.121532022 2.2027752891 3.1857702977 2.8548684825 4.1978966174 3.8109730501 7.9117652973 5.227202941 4.4884627711 2.7174284509 2.7009954036 1.2115637568 3.2365633528 2.6950197501 2.0063256787 2.5359179744 4.7611019642 8.412226282 11.1057521186
2.6875501831 2.1684152812 2.5471223248 3.3411372899 3.918534814 1.9010047849 2.154223104 2.6621536556 2.8966980573 5.3870516734 2.9206006715 2.2774709584 2.2916631356 4.4137671018 3.5704529948 3.9611113455 1.5372368752 2.870554573 4.2031253142 3.2455268332 2.4619692617 3.8005156564 4.3704436135 3.9499069951 3.1334833291 3.8677417588 3.4905286286 2.4335849074 2.6233119075 2.2154735529 4.9853974158 4.9646067117 5.0942446495 2.897445014 4.2897722906 5.1144124802 6.1885362055 6.3573484182 2.5060397066 2.6502023485 3.138712026 2.5740127657 2.7234041044 2.7062241005 3.7437469477 4.057468759 3.1618676835 2.6053849469 2.9295641518 4.1433687787 9.7604831137 10.2273310471 4.7207663028
2.0989483087 3.0991233212 4.9665150549 4.8036784958 3.9820261329 2.3925022892 2.1452596237 1.8756082573 1.747131706 2.8347006518 2.5082805767 1.6283655918 2.3461909742 4.9403715707 5.0681011653 5.7134717484 4.6468175901 3.8132139202 4.4354288459 5.7209413154 5.821780469 3.5659712547 5.6088978113 3.4031346955 3.0946415811 4.159801826 4.9799602754 3.2373103095 2.5657962421 2.8914693605 7.7601330886 8.0932757738 4.7424280469 4.4040566648 3.426290353 5.0695950786 10.6426389687 5.2130107638 4.3398183891 4.0955635503 3.9334739479 3.5487912507 3.4875408019 2.7980997738 2.6905380099 3.9192817707 3.3351616364 3.3665338175 8.5489193569 11.5845513592 12.3531697968 6.7838606902 4.206113141
5.673136087 4.5556888735 5.2159985906 4.3383244757 4.6722141177 5.1928429331 2.3932492459 2.0944665685 2.9415154589 2.4873657893 2.580735376 3.6190051799 5.5678151932 4.7491506571 3.650377361 7.7549043917 4.2389792355 5.0666072519 4.2494366292 3.5174190696 3.6847373689 5.6791117405 2.7428249785 5.0292594172 4.3764192671 4.9456002675 2.5934336398 2.2677605214 3.5771756051 6.1616457645 7.6973887263 4.5975184484 6.8193001816 3.3590642506 3.8737174124 7.1640616472 6.7211163279 3.1319894158 4.1717531331 3.6757738886 3.5614895145 2.7473067186 2.8854937069 3.2238650891 3.0976294079 4.0746487629 8.9096994398 9.0000811997 7.179000781 8.504848912 6.2430640441 11.9647523161 9.28691257
5.2204803307 3.4539277506 5.962955284 2.7607519391 2.6516962619 4.188933137 3.3456190301 1.8427421628 2.7099588839 2.4716796987 3.0722328803 5.217492504 2.4940883995 3.4778303648 7.3141999425 4.7058271689 6.157910981 3.5824043019 3.0505711362 3.7654086918 6.4238275639 4.6580219405 5.4632412561 4.0507461487 4.0447704952 6.3102901465 3.2522494434 3.6981825894 3.1663494237 8.0760957699 6.842870269 5.1793977126 4.6505523736 4.6445767201 4.717778476 8.412226282 6.0421326936 3.5248886365 3.6279686602 3.6683043217 3.0132233015 2.8078102108 2.6681293091 5.6163673783 6.8839528871 7.919981821 9.0964386132 3.937955688 4.1754879165 10.6934320238 5.3624021025 10.1713092951 4.5101245152
