data/patches/PatchElevation.asc
NCOLS 129
NROWS 129
XLLCORNER -27000
YLLCORNER 2099760
CELLSIZE 2195.348837
NODATA_VALUE NaN
[rows 66 to 87 of 129, columns 50 to 99 of 129]
37.2589468274 36.1571857045 34.7723279948 38.6901158521 38.6833932419 38.6012280056 29.4920911286 25.6736485116 37.6406416978 28.5076022066 25.2292092789 26.8172392093 13.5400839827 6.9475552871 4.2384389815 6.8497436832 13.7096431521 5.6044160712 7.7974809232 30.0336347314 45.2401790972 47.7462188039 47.4504239532 47.9755345088 51.4167639956 55.5810475618 59.2613031905 75.5867886832 82.9151808029 105.1147337331 99.5162933155 79.240153871 103.7978490825 109.4642625593 99.5476654966 97.943202519 92.2879933927 84.9991899777 79.2633095285 66.3641143888 56.7052173854 49.5717809627 47.6498613904 43.971099675 39.4512647228 38.8477237144 36.9399963193 40.1967275029 42.1179001185 40.3520944951
37.099098095 35.8016343184 33.0476049896 37.9976869973 43.422833462 19.0645756877 15.1124278225 13.8523118806 17.811182356 13.6394292229 14.6709764166 9.9966033319 9.1957838534 5.5177300881 10.996073568 14.1764910855 12.6429889938 7.8632131123 10.225090177 22.9592078875 49.4933505099 52.5454155595 52.6858434178 55.8260493572 62.6883405002 65.6806490143 72.0305278656 90.4213486157 101.7310199117 112.8651563847 98.4272304564 93.985825957 107.1143368016 110.729607198 105.7855008439 96.0287525136 96.8496579198 93.1223440193 88.8594621696 69.4079629148 61.0308435974 52.5566199099 49.8571184196 40.1235257469 40.3969118967 41.4232303936 44.4185267344 45.1326173334 45.1109555893 43.8142387694
34.3219131087 38.2068348714 36.6180579844 38.4279340527 44.490234577 14.6216772748 13.9860171287 15.1221382595 13.6715483607 12.9833003544 11.4879408649 8.1869705158 9.8990585275 11.8808214527 15.4597626849 14.774803397 14.9413747397 9.155448192 10.9571077366 18.8793304277 53.1377522174 57.1660896653 57.0002652794 61.6582872199 73.2114663979 94.4646251975 107.9061108967 101.5002102934 115.2031308352 117.2199139076 93.8147728742 106.7961332501 111.935942258 110.0199983392 107.5767029948 100.2931282767 100.7629640369 95.3983210643 81.1172560417 64.3196939188 61.7680898538 51.9986432598 45.1430747271 41.8982948506 43.4743734739 45.1191721129 48.9069895055 48.4924285406 46.7124307401 46.2284028027
36.2229178936 38.0723826666 40.6441545623 44.6463485259 41.5039017165 11.4500991543 13.661090967 13.512446585 13.7365335931 12.9463644924 12.1047924654 16.1253010988 16.9350021546 16.1716124138 16.0842184807 14.7001077277 14.8517399364 11.4269434968 8.7132498294 19.5351584046 53.0391539339 58.3156560166 62.0003933855 69.0725793594 95.2265210248 121.1339669815 115.7992022766 120.3720711541 122.2790515926 108.5455058263 107.8605465384 116.7777155451 117.7524940301 112.7762685381 109.5143086577 103.5169933658 99.5551350636 92.6166543378 70.233350061 60.7649270145 59.1731623007 51.9627893386 45.8825618536 45.669679196 47.9060675363 53.5978775406 54.566680372 55.3696588175 52.6821086344 51.4802553146
37.5793912489 38.0425043989 43.442254336 45.094522542 40.3901892865 12.2605471668 11.8385166349 13.1748221596 15.8817932167 14.8330660191 20.9655804726 23.0607939978 20.5577421179 19.6434671251 18.2018407067 18.1861546161 15.981138457 14.9727469208 12.6370133403 20.9379430749 55.8163389202 62.8466953192 72.1649800704 90.5109834189 117.8324183963 134.3028134875 130.202768197 131.6115285209 126.3716273161 119.5138179133 129.2399410191 126.7443587062 123.2105065893 118.8505203695 102.0895591245 90.0157511311 85.926910191 79.620354828 75.423952124 73.7746717448 67.3082676494 58.6151856507 47.2300717287 48.6007372612 53.8085193281 59.4121884426 58.4262056072 59.2613031905 56.2353816253 54.4703229586
44.341590195 45.5120713337 51.2711074404 50.6597959734 31.3049550237 13.419823955 15.2618191612 16.2373446028 18.7814791008 22.7074834818 27.3401088947 28.6838839863 24.4889751957 26.2368538584 22.4572529894 22.9973026788 18.3840981399 18.3221007343 19.2042565893 21.5736032211 43.6954726551 62.2177577833 78.4072971578 114.9222751185 130.7360952761 143.8392095931 140.7019914805 140.0887400352 132.2412130135 139.6562521097 137.8949282264 129.4968941217 126.2924499066 107.3391707663 100.5194561548 115.0761481974 116.8195451199 104.0787047993 81.0223925417 75.4657816989 68.968752379 56.4280964522 51.0141543378 55.6258649634 57.9586107171 60.9344861839 61.2549306054 61.3819132433 60.0904251203 58.4747577923
46.0461453695 51.7416901573 53.6636097296 35.2944507236 18.183913746 15.3835731022 16.0431358625 18.961495664 22.1383024813 23.3543479783 27.4984637137 26.8889470519 26.1188347009 29.8356912076 26.2405886419 23.9997185615 24.1110151088 20.4524212241 25.1298640387 25.3464814798 38.0439983123 63.4771267685 79.7966366077 101.4195389705 101.045313667 138.6844614515 144.0782357351 144.1178244398 141.9030978437 142.9929076594 132.773793136 118.5211124677 105.2701007254 114.5032324135 127.7983146007 123.3001413926 116.4363563362 96.0078377262 81.9553414518 74.3236849145 63.4285745835 55.5728310381 54.6174734272 60.8299122468 61.9496003304 61.297507137 62.4709761024 64.6886905254 64.2203486785 62.2409134408
46.7281168307 47.3197065319 37.2432607369 36.9362615358 30.3451156726 15.3387557006 15.5889861929 20.4524212241 20.4061099091 22.779938281 22.697026088 23.8316533054 25.4622597673 26.5879235044 23.1907644624 23.2251244703 21.8552058945 17.0814056665 22.5737782336 22.8023469818 30.9352114604 61.9951646887 92.2857525226 126.5396925722 120.5229564062 129.6223828462 149.7087952905 151.2445382523 146.1189214216 140.9141271815 132.7820096596 114.0953940588 130.5262004453 136.248635674 135.9752495242 124.5938703857 110.3113114497 96.9908327348 81.7962396761 75.087821612 65.7874638215 57.1631018386 59.2336657929 65.1943802068 64.8761766554 64.4967226551 67.8057408072 72.0133478616 71.6660129991 69.682842978
49.227433927 42.9096742136 33.7833573327 41.8064191773 36.9078771815 15.3387557006 16.8401386545 23.0622879112 22.0307407175 28.8355161951 29.5466189673 28.5203004704 29.8961946998 25.4764519445 26.2435764687 26.8142513825 25.9164094369 22.0994607333 22.1614581388 23.4977636635 32.6427544617 71.0871215617 97.4210797903 141.9367108949 153.0872804151 129.4700036807 150.7119581298 154.9912730268 153.6811109864 142.9099954665 120.7619825481 141.80001782 139.1184432904 141.1770559376 137.3616011473 120.3153024454 105.6764451666 91.8136758923 79.9744123007 75.6226426045 68.5990088157 59.786413746 61.5253289285 68.4062939888 68.2979852682 69.8255117064 70.4708822896 75.1931425057 76.6878028494 73.101663764
53.7285949619 44.8554964001 38.7551010845 43.6282465527 45.1087147192 16.5518133708 18.8180799788 23.1959931593 22.7164469621 31.601496831 31.2041158701 23.0391322537 27.989961218 29.4151545892 30.9942210392 28.8168422777 27.5821228634 23.9967307347 22.7463252298 24.9468596488 27.6822150603 65.0614219154 117.0458729981 145.7693456891 160.3656264364 154.225642416 155.5626948973 153.8558988527 148.8714568371 131.8557833597 145.0545081334 146.6246111031 143.7876695813 140.4569896851 133.6925498689 109.6405443389 96.3462091084 89.2799987881 79.1094364497 77.0187046646 69.1779002532 61.9974055587 62.7563135593 63.1484658234 67.9461686656 69.5394272928 71.6548086487 76.8670724558 76.0424322662 74.5178936548
51.6154544761 38.3995496984 39.1353020414 48.3564824224 45.2289747468 15.8257714647 15.3701278817 18.9473034868 24.553960428 26.7656991974 28.1490629938 26.6536556934 24.2902847152 27.8771707573 29.6310250736 29.5242102664 30.385451334 25.7931615825 23.8152202582 28.2379508403 28.7809883564 42.9993090168 84.7101177374 134.7704083776 159.2153131284 162.7708269894 159.7546158611 150.2129910586 140.5488653584 154.8344121212 151.6942061818 144.6728132631 144.4405097314 133.7418490107 121.8607558442 102.6169105501 94.5206469495 87.4634001095 80.5906515728 78.1182249174 75.0497268206 63.1208284257 67.2679319879 68.300973095 72.2344470429 74.9055641788 75.7630704629 81.8709353454 79.184132119 78.8442668235
57.2415322914 36.0436482871 52.6380381895 59.7348737342 48.6074598714 20.8908848032 18.6432921125 19.8884689206 24.5218412902 27.4461767452 29.3763128411 27.6762394068 24.6084882667 28.0609221039 33.2104415488 34.165052203 30.9852575589 30.9105618895 26.4878313075 26.6865217879 26.7589765872 36.2752048621 100.6793048872 127.8110128645 164.6621213373 163.6402845806 159.8972845896 159.2123253016 161.1417144409 162.9844566037 158.4765729586 148.533085455 135.76610165 130.1639264489 119.4092439762 102.3136461326 96.866090967 93.040178783 84.6137603239 82.3452528458 78.4790050004 66.8033249246 74.5477719226 78.5357737091 76.1873418648 78.2026310238 86.1801285101 86.3825537741 85.359223104 86.0314841281
42.8036063631 51.5878170784 66.7540257828 62.8332500988 52.076326756 26.6163078587 23.3513601515 23.4858123564 29.1201066953 36.4716544725 34.5960462152 33.3807476749 31.3863733033 36.8331815121 36.8354223822 31.3251228544 31.889075158 35.3049081173 31.2728358859 30.9419340707 29.605628546 42.606409796 119.7498562285 166.4234452205 176.5536718974 175.1740428846 173.3208433281 174.0969313326 169.0064214665 163.2234827456 154.5109798729 154.7462712313 139.2924841999 123.1641952743 115.0963160281 103.3870229011 98.1366643026 92.6353282552 87.3117679007 83.4007026537 77.2539960231 69.2152480878 77.8896561692 82.7254538028 81.1971804079 81.7163153099 86.565558164 91.0637313721 92.3873386329 90.2405850959
52.700035595 70.5791910101 71.3298824871 67.5801598858 49.3021295964 35.6358099325 23.5851575966 24.2753455814 30.729051413 35.4408542355 37.8243930444 36.6292623348 32.8489145091 35.1943585266 30.7514601138 27.478295883 33.736299061 36.0249743698 38.3114088085 30.6588374838 32.7383649185 59.4226458363 106.5175184035 156.5591351264 182.669006347 179.8552204826 174.9238123923 176.7635667283 165.7026320113 161.0035274526 155.6007896887 143.3917825338 130.0757855591 116.5304728796 109.4739729963 103.1838506805 94.9038357333 90.0164980878 90.2420790093 87.3909453103 75.2372129507 71.7451904086 78.6239145989 83.0839930157 86.9494939044 87.1242817707 91.9488750539 91.1384270414 94.3017886383 95.4483671628
63.1648988707 68.5930331622 70.2692039823 67.3560728778 48.3579763358 58.8258274382 23.7532228526 24.9378961685 30.3959087277 34.0193956478 37.6428825679 38.4040314385 37.4374694772 38.4354036196 40.3027953533 37.9401713319 37.2208520361 46.4278402399 38.0783583202 32.1557386976 31.5641489963 80.3210002065 152.1535845483 185.3319069592 179.3428081909 184.8583364155 176.6096936495 168.2519952061 154.1591632703 152.8056777417 150.9890790631 137.7171525334 124.7544660748 115.5721274418 110.2993601426 103.496825535 97.9006259875 93.3053484092 94.0545459728 88.1252037399 75.1655051081 77.4018934484 82.2212580347 88.2820646456 88.2387411574 92.8706196136 93.0065657318 92.8706196136 92.3925673298 98.6916531259
65.2690758762 71.1461311405 72.6034436495 63.4465015441 53.199749623 76.9873324835 28.6465361516 30.1591234559 30.6872218382 33.8797147461 36.3013483464 39.5483690929 42.3502036502 45.9288731686 45.8250461882 45.7286887748 46.7109368267 41.9871826971 39.6275465024 38.4316688362 41.222299043 65.5872794276 114.0983818856 148.0961157893 155.9160054133 181.0764946765 183.8544266195 172.1959265477 168.3752430605 149.0223420892 136.935835832 132.1418677733 123.6698849558 116.1794032336 107.2868837978 101.8721947267 96.6860744039 93.5540849881 93.4510049644 84.8557742926 76.8379411448 79.1027138394 83.2580339252 87.2535052787 91.1406679115 92.9699648538 94.8418383277 95.6410819897 97.8976381607 99.2541115161
74.8585059071 76.1813662112 76.4980758493 50.9820352 68.4832305282 91.0159261437 54.2066472458 30.682740098 30.6775114012 35.2339472314 39.494588211 38.9956211398 44.8950851049 46.8767612127 46.598146366 42.976900316 47.0642473427 45.4933974163 38.8798428523 40.2811336092 62.4164482638 97.3493719477 90.0680380997 92.3873386329 140.5197340473 158.2009459387 179.569136069 179.3293629704 173.6188790488 154.8015460266 141.4975003591 125.5156149454 115.3323543432 112.3430336559 106.23367486 99.8330029535 98.508648736 96.1856134193 93.6571650119 74.3774657965 74.3901640603 80.8139916242 81.6214518098 83.8772610241 90.9950113563 95.0181201074 98.7312418307 101.201427616 100.5680083399 100.7569883834
77.0732325032 73.8762578551 74.7412337062 41.9998809609 88.3268820472 97.7348016016 73.1464811656 30.6775114012 30.6715357476 33.8304156044 41.0893407516 39.6178360654 44.4162858643 46.8140168504 46.5264385234 44.1048049232 45.7951679205 41.0497520468 38.9911393996 43.1584107925 97.163379731 181.9474461811 162.8761478832 132.4369156672 126.5329699619 145.543017811 168.7449866238 175.2352933335 171.2226419761 157.8140223714 136.9739306234 126.0549176781 122.5285351282 111.389916915 108.4431727593 104.7703866974 103.3534098499 94.9307261742 81.2307934591 75.0796050883 81.5086613491 84.7855603634 86.1345641518 85.4675318245 95.1346453516 101.6518425022 106.969427203 107.5856664752 103.4632124838 103.9300604173
77.7200969998 70.1534256948 58.3447873276 59.238147533 95.983935112 97.6003493967 62.7973961775 30.9762940786 30.8978636258 33.8939069233 38.6759236749 42.1179001185 46.0341940624 47.5176500557 46.6564089881 45.7383992118 41.2275277399 39.6738578174 45.3432591209 53.9848011078 108.7128241256 143.2573303289 185.6665435579 174.9995348199 159.5760932114 142.1757370368 146.1846536107 153.9836284473 157.3038509498 146.7232093867 131.7459807257 123.7834223732 118.6906716371 111.5975708758 107.405649912 106.9739089432 103.7037325391 90.7119147695 75.3709181988 77.7918048424 87.5253975151 91.3079862109 93.6280337008 96.6950378842 108.334117082 112.4251988922 121.3894261706 126.7540691432 128.8679565858 116.0389753753
81.2644065103 68.7558697213 45.4851808927 76.0543835733 107.1755872504 102.9403427984 82.5260163656 31.5566794294 33.0408823793 36.3969588031 39.596921278 49.6950288172 48.7142746786 50.2642098176 47.5587326738 45.606187877 43.1606516626 46.5548228778 48.8054033952 62.8452014058 98.1979147515 137.3175307024 152.8213638322 157.0005865322 168.9982049429 175.1352011365 154.4564520343 136.2702974181 137.1009132613 134.8525736139 122.1685020019 117.6456792229 114.2657001849 106.4121975097 104.0757169725 107.4190951325 100.3745465563 78.3527693192 81.2464795497 86.326532022 94.702157426 96.149759498 100.6008744344 111.0209203085 127.7198841479 161.4061371104 161.8393719926 147.4365530289 175.97478046 142.5581788638
89.0402256895 84.718334261 52.1293606812 77.2495142829 103.4355750862 119.088052598 99.4483202564 32.5187596506 34.4055722583 37.915521761 42.8768081191 45.8048783575 57.0420948542 54.2828368285 47.2980447878 46.0924566845 46.5525820077 50.4912846524 49.9340549591 64.306995655 141.8918934932 177.804824359 185.4432035065 198.0368933586 193.4655183945 171.3294567833 159.1899166008 143.2095251005 136.8566584225 131.503966757 118.1939454359 112.5850476246 112.1398614353 105.890074781 98.6072470195 96.2304308209 85.8686475689 78.1354049214 86.4139259552 92.3343047077 98.5661644014 108.4790266806 116.227208462 137.5804594585 187.5981735672 202.8637275119 194.6457099702 176.7419049842 210.4356275136 204.6915305408
83.3319826379 64.5363113599 67.23357198 88.3515316181 106.1978209387 123.6556927787 102.9478123653 41.6323782677 35.2384289716 38.0903096273 41.573368689 52.5446686028 54.9259665416 52.7351425596 46.9469751418 49.9452593095 65.8091255656 61.4864871804 59.9133963839 62.0728481848 115.8679222924 195.1476648682 185.4693469908 191.9447145666 190.6487447034 166.5870287364 155.7531688541 142.6022493087 139.869881724 134.0062716802 119.2867430785 111.3443525567 110.775918513 110.1260661897 102.4436165972 89.3957770756 88.3619890118 91.0771765926 94.7843226623 99.4064906816 107.8642813218 128.6864461092 134.5186839719 168.5418144032 204.8102966551 245.7353069341 230.3345538279 224.3671168037 251.5048004345 209.9396482692
