data/patches/PatchStreams.asc
NCOLS 129
NROWS 129
XLLCORNER -27000
YLLCORNER 2099760
CELLSIZE 2195.348837
NODATA_VALUE NaN
[rows 48 to 71 of 129, columns 54 to 107 of 129]
0 0 0 0 0 0 0 0 0 0 0 0 0 2.4694388286 93.8386754884 0 0 7.1842294779 0 0 0 0 0 0 38.0350348319 0 21.6796710715 43.2308655918 133.295168908 247.1963542265 495.8104322573 517.7209129471 761.3542837457 299.732059349 0 1205.2848388574 0 21.6916223786 1222.5014436854 591.4007211918 1451.6199520163 0 0 266.7666195957 396.3688346111 0 3.1954807347 5721.0175049375 84.6750107728 0 308.8262570921 0 0 0
10.9578546933 21.6318658431 2.1915709387 0 0 0 0 0 0 0 0 0 0 0 93.8386754884 0 0 0 0 0 0 0 16.4390229101 56.3623642631 55.1508005063 89.1261257092 518.0846808568 548.6852557185 36.0257213265 0 330.5006994667 125.3766810004 1370.4377107422 284.3611845106 31.7180220752 1141.848794707 365.8780623833 124.90012263 1108.6353653314 1612.9110577959 483.8733173388 3.4300251365 38.556410604 437.4372605753 0 0 66745.204224271 26916.1751172436 195.810962412 0 444.7477257343 152.3582506823 0 362.1619528332
0 190.8892647587 6.574712816 0 4.2561592394 0 0 0 0 0 2.8638319628 0 0 63.7706807491 98.908270567 288.9303186046 0 0 0 44.3468188918 0 143.6995286915 0 2.3484318443 0 46.0005810112 365.8496780289 810.3710758852 250.6764254614 0 253.2691121445 520.0812960985 1370.4377107422 307.4174967682 985.8349379668 0 750.1618846506 928.53364914 1134.2104155595 2410.2686541673 30.2861060938 153.3539439547 433.8563501867 0 373.8159711649 61026.4417815911 24791.0758547292 4387.8790766841 147.4806234739 158.9635887227 173.4179476982 83.7965897012 221.0058116831 405.6213871732
0 138.039837825 0 0 61.7143089719 0 0 0 0 0 0 0 116.3459745763 38.9351176476 129.6119254525 0 0 0 0 16.0894471775 106.9141524077 678.8805543486 422.368156241 2.6987545335 29.6862998689 0 516.4936630997 344.3291087331 122.3051950768 233.7391824368 135.7496686028 1341.076337035 0 76.854374192 899.7354807796 0 718.544701729 976.013951361 2794.9095217341 611.5692988725 101.87144777 32.1938334889 0 655.490352449 2910.3359926207 67794.8793099594 0 4387.8790766841 61.3042297472 87.2699383259 138.0293804313 38.5011358087 405.6213871732 130.37830302
35.2160202708 89.640778871 10.7748503034 0 0 12.7946212026 0 47.1105586577 0 0 0 14.3004858967 63.8162451074 40.7210911017 0 0 0 0 0 535.2034343579 0 531.601609182 299.3727731794 284.2864888412 32.3850544025 1.7135186548 434.0789432814 430.5211885503 144.6720663064 47.9157779733 239.5788898664 489.2790429295 389.6424895863 0 868.3513483464 765.1338846147 38.8402541475 42.8469298513 1936.6361130961 0 49.5590826989 0 346.5610153332 249.7106104568 3345.2903691468 66621.8017498115 32.5195066073 5336.6096878591 0 0 72.3143714091 0 535.9996901932 0
83.2378660945 15.934827142 81.8888623061 5675.4927353401 23487.7409985457 0 0 88.8542334728 0 0 0 18.38633901 136.8977410406 257.2369461003 9.4691700032 0 853.548160595 3283.0188304815 1242.2233412633 2676.0171717897 0 539.0711761168 77.6327030666 63.4270806701 204.2687530523 15.712981004 322.5993915631 9.2809369165 379.3554020037 267.4127371355 20.5353334171 438.0901007254 602.6334559484 0 806.5645845752 544.4604686602 21.9560450481 445.3191476049 1489.1679710841 0 7.3709686512 52.7104929887 343.6038137838 1672.6451845734 1505.3806661161 68337.4813503663 16173.269163764 1331.725933146 4859.8234956281 2656.1219802589 318.7346376311 0 369.6845536933 4.9971402794
0 8.580291538 18620.3336516087 25057.315869856 866.0163617226 333.9329654733 0 17.8253745332 0 0 13.8844310184 121.8973567222 295.9225802122 25.5616050075 17.5856014346 202.0540264561 1925.360801808 225.7288188559 2661.9071598499 1823.908396743 2623.3014501041 1616.6488290901 439.918650711 521.088940678 195.6675467269 149.2733195382 281.5093038549 0 363.4616574799 200.1597442815 0 703.0236885952 41.2917660155 289.3172421718 510.9534853042 338.9958379417 186.2260141213 636.0231671036 1186.582537166 0 47.9112962331 259.5420544563 167.3967297921 3545.7944604639 39.4169047149 30551.5371548226 52099.6624300219 77.661087421 196.5915321567 1699.9180673657 4694.4950889202 42.7408620009 185.3371356561 0
316.7768641375 22217.1041716191 11641.1811339234 195.4053649275 1660.2240417175 623.9635512873 200.4764539195 38.9134559035 2.1034300488 11.7810009695 0 46.2246680192 89.8812989263 0 2.3036144427 57.7793411107 513.1667179869 77.7559509211 0 3278.3331711433 79.5874887335 2007.0128788423 1271.1081566001 0 284.0250539985 205.4063680965 173.5374607692 174.4203635809 420.8503402399 0 614.1933577366 143.7928982782 57.3020357835 617.8780951056 79.9871105645 192.8268704216 241.1265841353 649.3892101767 1066.4263364963 30.2517460859 0 68.4712792211 2208.953367881 1035.5322076541 39.4169047149 30577.2302242082 82507.8279701415 6.296844926 48.8360286196 0 3880.2801738904 2384.769793522 12.5309454898 754.2574482009
28531.4741955886 7099.3244044456 265.7798898036 308.6791066235 0 1166.3034098948 539.0517552427 65.2578715258 2.1034300488 138.049548262 20.6167516967 0 8.6161454593 31.5925333507 39.0845089863 1.5633803595 310.5741357548 99.6238550794 234.6885643942 3670.6915952672 79.9781470842 0 2876.7184596739 0 52.0554119685 93.8655659293 133.6268176799 195.5622258331 353.8968770199 175.9411674088 196.7117921844 0 354.3734353903 290.5945381176 22.5954399777 450.1683904589 22.982363545 114.5980959135 1362.4071793307 46.2754610744 0 0 2459.8591090473 808.6179685256 0 69850.6116921772 240.3900848355 32.4851465994 0 0 4453.2572082376 166.6893618034 70.399174447 863.6014507325
85.3696804977 12.9201099271 272.1155764777 146.5797937015 206.2974874318 124.3653016375 1129.3462335715 170.2486104478 110.6646219657 64.8462983877 102.9769436764 251.7580187536 106.2657939978 2.8720484864 85.0694039069 0 218.5012658898 2.4298501239 879.0051916655 2462.004368671 61.9555759839 0 1766.0214938685 753.1512053379 0 0 130.0152820669 10.5709311261 411.2855597799 328.1769171933 0 0 498.5584859326 90.5983773521 359.9778514615 2.8727954431 279.5806616723 432.1629993626 1432.4328754309 98.3353547831 5.375847323 2113.3600911196 883.9014927912 40.3730092825 24939.3131453336 39215.5431172795 0 240.3900848355 959.9162876598 6145.4427799124 921.152223095 213.7043100043 309.445484191 499.5579139884
156.131128941 122.0990350294 74.8958537417 228.0130124246 31.8143794887 882.0796654158 870.5108001472 69.9278447734 73.759732611 0 44.517125018 33.4696355214 32.5374335679 0 31.9010264651 0 105.2940033396 22.7059895684 25.0678666332 824.2338451594 2890.0113009911 0 34.9486097745 1993.754397533 492.7531385108 0 0 0 408.5703721991 313.4185468436 39.3489316558 291.7612844729 123.4024744596 79.2483703946 258.5052785658 43.3712934502 138.4499170497 380.858278871 730.8403558604 0 1610.7777494793 980.5405089234 665.9865879058 0 48174.2361935776 17752.4118033611 144.3650671054 1978.3058391985 1342.0391642129 1545.4735666385 0 17.0963448003 457.9793166026 0
98.1822286609 2.2737361749 0 114.0065062123 0 1269.6321701738 175.9949482907 0 0 2.2386292104 78.3520223625 37.9334487216 0 0 211.7218869398 0 1.9839169779 27.7748376903 0 31.0696636653 1412.9387996445 1928.38747033 0 119.8716101695 2171.5935819 752.327312105 9.0232368572 0 462.1577923459 67.6630720788 137.8695316989 224.9235995404 0 0 333.1053374569 21.6856467251 380.858278871 0 734.8343333004 306.6264696298 1688.8063395935 102.3584635342 621.4268863563 0 20336.155920892 48940.1095653189 110.8909498438 1869.3106654428 393.7963157588 1157.3249904392 150.0501544994 47.8732014418 375.5384533001 109.6084252011
0 0 107.0284367818 713.5229118788 763.4577137945 120.3758059376 208.9940010952 0 84.542799438 143.3551816558 0 39.3407151321 53.3909705365 82.0606623456 868.0615291493 51.1052830544 123.3696083651 291.6133870475 196.9769618105 0 0 3189.3362689421 62.3888108661 42.4779332448 0 3042.414369075 272.7534774939 186.4859550506 28.69434138 166.902244461 201.4766289321 5.6858343508 0 193.201095725 79.9452809897 190.4291394355 413.6250281439 878.4203245745 473.218727063 1855.5868301135 110.6997289303 220.3148767416 313.0450684968 0 80475.3319167445 3805.1184035658 92.9258944089 1878.0059883115 313.0316232764 1089.733626203 110.3852601623 216.1961575338 88.2432228975 74.7330171826
24.3134403727 18.9271356561 998.9395461972 0 0 0 208.9940010952 0 0 151.8510670874 225.813971919 370.3082625323 171.9098421341 0 1012.0815022623 0 511.8438576828 106.6654158288 126.4239142847 66.5389022551 0 2229.2041107979 387.0804281277 142.6545362773 6.5672432491 825.009933164 785.7237458704 206.1525778332 30.9927271258 198.4783447644 210.4983718759 0 293.1326969621 173.2439067886 352.2939079557 285.6437091533 552.6501018475 170.9261001688 1765.7675285927 70.798796278 239.7544246894 0 409.3666280343 208.8558141069 61890.303173253 3755.9223418199 1263.0477469208 1349.5557894193 91.6725010773 91.6725010773 1048.6599715419 103.7971021258 137.4258394229 40.0831900855
103.6178325194 292.3185141662 112.8188450697 430.3919650424 11.2080851857 24.6577874084 0 0 109.550162579 279.4454625108 439.2904601318 275.4171250628 88.9326639256 7.6578000215 1340.3241516446 972.8072662759 313.5798894894 91.4274992818 58.9782066037 19.9616706765 0 1873.9126656313 314.4568166475 288.9377881715 217.8521605232 0 1793.5087532318 58.3836290757 159.3706801207 41.7399400316 219.5201148197 0 33.3105337457 153.7251814313 518.3072739515 552.6501018475 96.7338796323 226.7021034275 1404.1127593544 89.268047481 356.3917123761 176.5895258187 151.0077529805 76740.370673657 23513.0441565373 3829.2682604227 2212.9996322896 356.5082376203 0 67.7579355789 1017.1361582071 140.9417645791 7.8848748564 0
623.5930607674 31.9099899454 128.6378939242 121.1548817689 293.9125197501 141.5460525442 16.519694233 102.3868478885 198.374517784 0 0 0 48922.1900742423 38168.8595931485 547.0710823039 121.0174417373 174.563779266 120.4392972565 0 0 1325.70695611 280.2476939996 383.3448977036 234.6624209099 91.9712837547 74.298288387 1366.1240358374 3.4270373097 0 140.3979801063 163.3594288638 217.0237855501 343.6209937877 274.1293717233 6.2184144732 89.7998806467 185.3864347978 1293.5698913297 46.1731280074 123.1171370027 71.2783424752 337.1254583812 0 61720.3877054905 3561.3139796844 704.8574672777 1835.3637245942 190.6845986247 252.1643631948 778.4745311602 222.1643415147 67.1050954288 0 610.9119769822
646.1608633475 0 115.0970629848 39.7306265261 29.1357927858 0 0 0 0 33.4517085608 0 0 0 40887.6684199943 128.9934453103 31.4618159293 69.8792925883 0 0 118.8669534168 1297.9694662543 0 343.629957268 136.5526470483 57.3304201379 4.1471035622 273.2248071675 1107.907829512 36.4074161969 18.9727000144 206.703831873 135.6398659688 0 0 90.4982851551 113.1228564439 93.7385832914 1155.2252951738 0 0 200.6699157031 152.5091359344 69955.1953397012 48332.0487220357 544.9796035622 3532.3552156349 1662.8525823219 109.364917319 321.7269461451 845.2009195454 0 0 372.5073030379 461.909055767
229.2918022838 29.6870468256 0 7.047536403 46.9835760198 0 0 8.3136279984 162.3958547292 10.4536589252 0 0 0 52037.5223557347 16531.0315416727 75.5083582304 0 0 26.3869921538 923.3393122935 138.7696145145 402.4318820921 231.9502211559 197.5872254291 20.1401933263 0 0 1112.5710801494 0 0 92.1759498887 72.6355627873 35.3310516016 3.5331051602 0 275.8488660317 693.9392012891 597.8469574565 25.5952180587 50.2313437231 0 0 59785.914032022 159.6888836721 156.7316821226 3728.597172059 76.5033045461 1582.7078638951 321.7269461451 756.718670506 78.365467583 251.9716483679 283.8943365771 0
111.684964809 27140.5444749174 67004.325742109 67175.3093579431 1814.8141989999 0 62.2439012676 9.9763535981 97.107357979 236.7060944233 647.7937106794 1110.5035040218 19176.3801655415 44297.5615796467 333.3607966461 121.7121114622 118.5091611606 76.8708072393 404.425509507 196.7483930623 208.1887817797 517.5304389902 194.2774603203 146.0427318389 257.722467951 0 0 988.8817743195 39.9972900657 0 57.3438653584 3.8229243572 177.2804607602 570.8736042983 618.7736961811 401.3667218472 139.3074233338 235.1561592843 34.1269574117 80.9282759983 103.253317653 47977.210679582 52972.9459334153 164.004799447 67.7758625395 3531.7785650675 0 1373.3217105358 339.1175918827 846.1151945382 118.205896743 141.4960064457 0 31301.0820532444
0 66946.6763714629 4.2994827277 382.6487340653 67356.9699727539 148.0595149113 21.5459658234 98.1538443066 23.1885235924 60.9374740107 51.0074317276 2359.8199460464 416.4388140082 53726.1688465958 155.6030305587 88.2081159329 0 25.6236024131 437.5814232171 0 0 145.5788717323 513.4475737037 41.6308843544 300.6762126095 0 605.5802001041 296.8383491184 89.2247239927 0 55.7819789123 284.3268245027 208.5652479532 78.0121570669 211.7472834674 206.174986534 130.1624325356 170.6347870583 0 55157.0674729783 60629.7823808263 15055.2908641105 0 159.6888836721 0 3418.4667285801 0 1488.0355847368 330.4222690139 698.9647259229 48.6896251077 12.1724062769 13804.1660399311 46164.5596671664
18.3116433406 65138.8529401573 215.9608661753 78.6948754848 49313.7746512317 31223.7780111229 0 0 155.341595716 90.9427243877 8.8708576918 46.2709793342 1758.2972147012 52529.509116678 5885.0043774239 95.4341749856 49.9893297544 0 260.4428842287 94.5759217448 0 97.3941893493 319.1701133834 194.2774603203 0 0 777.549051817 27.0219053433 0 106.4928688326 187.630292705 78.1391397048 0 25.8148233266 79.5957052571 104.2460230986 50.0655193371 517.9457469118 3839.8907315606 57745.8191881823 502.9894330383 34.8798897587 384.7783075984 151.0570521222 31.9996247486 3464.3791687015 75.5173217107 745.4500818281 590.4349061872 726.6715905541 103.4759107476 44.5843511204 46094.4346258259 0
146.4931467251 66751.7662388233 38.0634191863 266.4439343041 32.8623597296 16538.8267817258 84.5801472727 0 313.588106013 9.8598283539 919.3542983338 2014.4943970842 1341.858400693 22711.6380548872 35264.0025278745 297.6637362647 278.940519786 154.8411347314 100.6464387927 112.2862649472 0 26.3227538782 209.1889567922 15.0048660586 0 316.1173013771 269.5213958812 105.3388207412 0 30.144184322 63.6377224576 0 0 0 1627.902478634 2151.1568467664 3017.2419285047 3690.3634467466 5879.3491682975 57170.6378846326 508.1232663926 0 218.924790335 0 124.8792078426 3136.3583654571 27.6896846273 775.3455295712 516.112715186 1.9166908755 561.72637263 0 48100.1776782893 849.9605275962
36035.6222374587 36034.8431616274 43.3922082376 193.7179897569 69.7000229819 0 41.0602094405 0 76.0513957466 11.8317940247 1360.644361534 159.2093374749 27.3923958633 38483.2895193551 121.1541348122 67.4374911574 0 0 0 143.7264191324 80.846110762 0 83.3043452402 27.4282497845 84.5704368357 304.9659849002 0 75.6278713014 13.3974152542 100.4806144068 1137.3603319359 1870.6992579359 2145.0086462223 2674.4112148987 1104.6481105017 51.8163858266 191.7206275585 207.2655433065 45222.5300044887 47899.7236330706 493.4732047634 46.4517428541 209.8948308676 0 288.783168136 2909.250664545 0 239.056020181 1059.3892574871 0 594.0471887568 0 44061.7241958579 298.5750234308
52443.8548456801 28782.9715264561 61.5492315427 78.877132918 17.4250057455 0 0 0 0 0 1360.644361534 79.3805817294 0 30974.3549789931 10324.7849929977 34.9336706406 0 301.033257909 4.4279592789 0 0 0 0 70.7039327779 220.5882628914 13.6095509552 0 0 0 877.5897087313 1920.2127762766 0 0 0 191.7206275585 160.6307960626 0 9.369824763 55603.0439424734 34.8582280146 431.988958453 91.5350610457 194.1527185525 202.9287127442 101.4643563721 3100.8331051153 436.297404661 216.2887801637 651.9318507613 461.7850609559 391.5016647964 55.5197971129 46434.5755483787 282.8605485134
