data/patches/PatchRoughnessBAK.asc
NCOLS 129
NROWS 129
XLLCORNER -27000
YLLCORNER 2099760
CELLSIZE 2195.348837
NODATA_VALUE NaN
[rows 92 to 114 of 129, columns 53 to 105 of 129]
8.088047077 11.9356210051 8.4794523844 7.261912974 13.3369117621 3.5585016877 3.4203146994 3.8542965384 2.4821370924 1.5865360169 2.9713937267 3.0849311441 3.167843337 1.876355214 2.7824136832 3.8557904517 1.4274342412 3.092400711 3.4061225223 3.928245251 2.7301267147 3.1641085536 2.1893300686 3.5779225618 1.4199646743 1.1488193946 1.7441438793 2.0952135252 1.8270560722 2.3133248797 1.0181019732 3.2716703174 3.0147172149 2.3379744506 4.3114340348 7.5255886868 8.9664681485 4.4219836254 4.1082618141 6.0608066109 5.4893847404 5.9353178864 4.8216054564 3.3359085931 3.0483302661 4.0358070149 4.9568046179 2.9176128447 2.4365727341 2.0302282929 2.563555372 2.3476848876 1.9473160999
9.7881205113 8.4406106363 6.2908692725 7.6413669743 10.5582328623 1.7314456155 4.5022405184 3.5301173334 3.5674651681 3.0318972188 2.1803665883 4.5624114838 3.046089396 3.3642929474 2.0137952456 2.1116465725 1.3893394499 2.6912849666 3.6302095303 2.69277888 2.1855952851 0.9994280559 1.4759864263 3.3366555498 1.7344334423 2.2169674662 2.0332161196 2.6995014902 4.8574593777 2.1616926709 3.2417920497 2.9601893763 2.9288171951 4.6752019445 7.2701294976 10.1287327636 12.9589516752 4.7797758816 3.0916537543 2.9557076361 3.4711077546 4.2143296646 2.8795180534 2.3925022892 3.3695216443 3.89911394 2.8249902147 2.6942727934 2.2027752891 3.3448720734 3.0371259157 2.0384448165 2.4828840491
8.8193176799 8.2516305929 8.1560201361 10.5925928702 12.3987341551 2.7502945454 2.3708405451 3.0371259157 3.1895050812 2.6785867028 2.9923085141 3.5951025657 2.9542137227 2.5239666673 2.7375962816 1.7583360564 1.0210898 0.7581610439 3.0274154787 1.6291125485 2.6819070564 1.0995202528 0.7857984415 1.6141734146 2.1863422418 2.3409622774 2.6897910532 2.6277936477 3.0684980968 3.2948259749 2.9646711164 3.8027565265 3.1790476874 4.8230993698 8.2986888646 11.1430999533 9.6663665703 5.4841560435 6.2385823039 3.8505617549 2.8720484864 2.9691528566 3.7736252155 5.0942446495 5.0927507361 4.6610097673 2.4276092538 3.4927694987 2.6502023485 3.4561686207 2.7958589037 2.5239666673 3.3232103293
9.2607690858 9.6820526609 9.8127700822 9.9539448973 16.7012047095 3.9043426368 1.8815839109 1.7725282336 3.9738096093 2.0989483087 1.9413404464 2.1579578875 4.9239385234 4.9373837439 3.4472051404 2.7652336793 2.8294719549 1.8330317258 2.5799884193 2.190823982 1.1510602647 1.7419030092 1.8733673872 2.3559014112 3.6824964989 3.0707389669 2.5000640531 3.7571921682 4.2606409796 3.492022542 3.4703607979 3.8221774005 3.7011704162 3.6167643098 6.0473613904 10.4842841497 7.3590173442 7.0034659581 5.702267398 3.5219008098 2.6352632146 2.7211632343 2.6696232225 2.6681293091 3.4404825302 3.2029503016 3.0976294079 2.4985701397 2.8429171754 2.7069710572 2.5799884193 2.7704623761 3.8132139202
9.1352803612 9.6813057042 10.3012797598 12.7856577223 14.0622067114 2.3603831514 2.9990311243 1.0293063236 1.6687012532 2.4866188326 3.2149016087 3.2380572662 3.925589951 2.7226571477 2.8137858643 2.8892284904 2.6905380099 3.7078930264 1.3534855286 2.7607519391 2.0339630763 2.154223104 2.9542137227 3.3411372899 3.5734408216 3.5697060381 2.4657040452 2.5209788405 2.4492709979 2.2139796395 3.0356320023 3.1133154984 3.5547669043 4.5982654051 4.5997593184 5.9353178864 5.5162751813 4.6961167319 3.4389886168 2.5299423208 2.4298501239 2.0376978598 2.5135092736 2.765980636 4.7379463067 2.6875501831 4.476511464 2.1601987575 2.7943649903 2.7824136832 2.9885737306 2.9930554708 3.7250730304
8.7326707035 9.1181003573 14.2115980501 15.8070975474 2.5403997145 2.4380666475 4.8216054564 5.2145046772 2.1385370134 1.4266872845 1.6993264777 3.0767146204 2.60015625 4.2285218418 3.3568233805 3.221624219 2.6016501634 4.0791305031 3.4606503609 2.237135297 2.8914693605 1.9585204503 3.2193833489 3.0124763448 3.9670869991 4.0888409401 2.1878361552 2.9855859038 3.0035128645 2.4739205688 2.795111947 2.8257371714 2.9392745888 3.360558164 3.677267802 3.4711077546 3.3374025065 2.8070632541 3.0087415613 2.2617848679 2.0757926512 2.331998797 1.8113699817 2.7727032462 3.5435625539 2.480643179 3.1827824709 4.1672713929 2.9938024275 2.5396527578 2.8937102305 2.5590736319 5.0890159527
11.004912965 10.6426389687 12.991070813 2.2722422616 2.0728048244 1.4468551153 3.6317034437 3.5838982153 4.3525166529 7.8430452815 4.2516774993 2.4828840491 2.5202318838 2.6389979981 3.5144312428 2.6606597422 2.6912849666 3.287356408 4.5459784365 2.1377900567 3.6488834476 2.3088431395 3.0953885378 2.5934336398 3.4001468687 3.2432859631 2.5650492854 2.7473067186 2.7734502029 2.6711171359 2.9833450338 3.1319894158 2.8115449943 3.3986529553 4.0133983141 2.6352632146 2.3910083758 2.580735376 2.5135092736 1.8965230447 1.8031534581 2.5306892775 2.6121075571 5.487890827 2.9721406834 3.7400121642 2.0264935094 7.0691981471 2.943756329 2.9975372109 3.3859546915 3.7803478257 8.468248034
16.4569498707 15.098982602 13.3951743842 1.2093228867 4.7999437123 2.0123013322 4.001447007 5.6918100043 9.3369586685 9.703714405 4.8230993698 4.3420592592 2.5426405846 3.5734408216 3.4083633923 2.804822384 2.571024939 3.4330129632 3.7250730304 2.8825058801 3.2701764041 2.9422624156 3.046089396 3.1529042032 4.2076070544 3.7303017272 3.1043520181 2.3932492459 2.4119231632 3.119291152 2.9026737109 3.0617754866 2.8892284904 3.0177050417 3.6608347547 2.7764380297 2.3230353167 2.9362867621 2.9235884983 1.8972700014 2.4037066396 2.6516962619 4.1919209638 3.9835200463 3.0356320023 5.0158141967 2.8541215258 7.1222320723 3.9148000305 4.391358401 6.1205631464 5.0703420353 5.0568968149
1.1219289536 1.1010141662 2.5179910137 4.4555966766 5.6835934807 3.1349772425 3.0027659078 7.5420217341 12.0782897336 8.0798305534 4.2307627119 7.3134529859 1.8322847691 4.150091389 4.0350600582 2.8391823919 2.434331864 2.8630850061 2.8847467502 2.7577641123 3.574934735 2.6487084351 2.6158423406 2.9661650298 3.7452408611 2.7517884588 2.934045892 3.2470207466 2.9318050219 3.4688668845 2.8899754471 3.1252668055 2.7988467305 3.304536412 3.5801634318 2.2027752891 2.3544074978 3.0565467897 3.0565467897 3.121532022 3.260465967 2.3925022892 3.0528120062 2.4888597027 2.3446970608 4.1015392039 3.4180738294 6.9220476785 4.8850967754 4.4175018852 5.1644585787 3.9902426566 4.4391636293
2.3812979388 4.4884627711 7.0848842376 6.1571640243 5.6537152129 8.5026080419 2.2520744308 8.960492495 10.9429155595 5.0598846416 3.379979038 4.985935929 1.7650586667 3.4621442743 4.1105026842 2.5321831909 2.8578563093 2.5956745098 2.3021205293 2.8668197896 3.5069616759 2.1310674465 3.6414138807 2.4746675255 2.1661744111 1.540224702 2.9564545928 3.4733486247 2.777931943 2.5777475492 2.590445813 3.0707389669 3.0386198291 2.8122919509 2.5859640728 2.0548778638 2.9601893763 3.2388042229 2.051890037 3.3022955419 3.4770834081 2.0235056826 2.9116371912 1.8830778243 1.9271482692 4.4264653656 2.7674745493 3.4472051404 8.2389323291 5.4057255907 6.3073023197 3.6451486642 3.0154641716
6.3670588552 5.3877986301 4.3898644876 7.4501460608 8.4084914985 7.0975825014 1.3669307491 9.7567483302 8.1089618644 8.831268987 3.8326347942 2.6972606202 4.6386010665 1.9107152219 3.4965042822 2.629287561 2.683068443 2.6382510414 1.8337786825 3.5047208058 2.4186457735 3.7183504201 2.8160267344 2.6218179941 2.8421702187 2.2065100725 2.7308736714 3.5592486444 2.2505805175 2.6330223445 3.0162111283 2.6935258367 2.7719562895 2.5314362342 3.0752207071 2.2528213875 2.9101432778 3.1842763843 2.4044535963 2.5045457932 1.8173456352 2.636757128 2.8025815139 1.9286421826 2.4492709979 3.7101338965 3.0670041834 4.4585845034 9.5483474127 8.2023314511 5.3848108033 4.8940602557 3.5241416798
8.8170768098 8.0917818605 9.0956916565 6.928023332 6.9422155092 8.2710514669 1.1518072213 9.3294891016 4.0485052787 5.3414873151 4.0066757038 3.0102354747 6.5328832412 1.6134264579 3.4389886168 3.872223499 2.4537527381 1.403531627 2.1026830921 3.3881955616 2.4410544743 2.9474911125 2.6255527776 3.9170409006 2.2849405254 2.7263919312 2.7510415021 3.1693372504 2.5209788405 2.5030518798 2.7958589037 2.7928710769 3.2709233607 3.5106964594 2.9370337188 2.2617848679 3.9909896133 3.1185441953 2.7674745493 2.6599127855 2.2341474702 3.0079946046 2.627046691 2.5568327618 3.0251746086 3.6533651878 3.5831512586 7.4090634426 9.3175377945 8.8880376957 7.727266994 6.3752753788 5.2615629489
5.9764005045 5.721688272 3.0759676637 6.8010406941 6.2154266464 9.9599205508 3.6727860618 12.0484114658 9.3496569323 7.5016860726 3.0752207071 2.4821370924 5.897223095 2.0937196118 2.5530979783 3.7706373887 3.036378959 2.395490116 3.0386198291 3.5226477664 2.8533745691 2.1519822339 3.1797946441 3.5308642901 2.6718640926 2.6942727934 2.4007188128 2.5067866633 3.1461815929 2.8481458722 2.8264841281 2.6076258169 2.4731736121 3.7870704359 3.8415982746 2.6509493052 3.1573859433 3.4292781798 2.8205084746 2.7308736714 2.6957667068 3.323957286 2.9064084943 3.2171424788 4.7790289249 3.8147078336 3.9140530738 6.5134623671 8.7827168019 6.9593955131 5.655956083 5.5140343113 5.682846524
3.8602721919 4.2972418576 5.7306517524 6.9825511706 7.1259668558 10.2108979999 5.897223095 10.7965120475 8.6938289554 7.6973887263 4.6826715114 2.5157501436 3.2335755261 4.6124575822 1.8771021707 4.335336649 3.3575703372 2.7234041044 3.0565467897 2.6957667068 3.5375869003 1.9622552338 2.9698998133 2.5396527578 2.4350788207 2.0085665488 2.6636475689 2.4485240412 3.0707389669 2.2080039859 2.5194849271 2.9781163369 3.9618583022 3.4800712349 3.4501929672 3.9215226408 2.6277936477 2.6404919114 2.7801728131 3.2365633528 3.0050067779 3.4852999318 3.9558826487 6.4701388789 6.9489381194 3.0229337385 4.1605487827 7.9528479155 5.9696778943 2.9564545928 3.0834372307 5.2525994685 4.6572749838
7.9013079036 7.5845982656 6.8824589737 9.1352803612 8.3621801835 6.4544527884 1.6014751508 8.2777740771 4.5213288656 7.6211991436 3.1783007308 2.4940883995 2.9691528566 5.561092583 1.9562795802 4.7282358697 4.3674557868 4.9989667196 2.5740127657 2.6225649508 2.9415154589 2.9392745888 3.0199459117 2.573265809 1.5215507846 2.4955823129 2.7017423603 2.6225649508 1.7979247612 1.7232290919 2.154223104 2.3193005333 3.8117200068 3.0468363527 3.0423546125 4.0059287471 3.5801634318 2.2722422616 2.6113606004 3.3501007703 3.0692450535 3.4785773215 5.1338333543 5.5050708309 6.5276545443 2.4403075176 2.6083727736 3.1222789787 2.8862406636 3.6070538728 3.4770834081 5.424399508 5.5267325751
3.6951947626 8.8618942114 6.4439953946 5.5364430121 9.7216413656 9.2226742944 2.4694388286 9.8359257397 6.2415701307 6.4238275639 3.7444939044 2.0339630763 2.1878361552 5.5356960554 1.6418108123 3.6742799752 3.8662478454 2.8085571675 4.7965414556 2.6785867028 3.2186363922 2.60015625 2.9347928487 2.60015625 2.0630943874 3.0841841874 1.754601273 2.627046691 2.9101432778 3.2791398844 2.8750363132 2.6479614784 3.2477677032 2.7555232422 2.1953057221 2.6785867028 3.1342302858 2.5232197106 2.8234963014 3.5009860223 2.4679449153 3.9670869991 3.6107886563 4.9239385234 4.4563436333 2.4948353562 2.7936180336 3.1573859433 3.1857702977 3.5211538531 3.4180738294 5.6686543468 4.3316018655
5.1330863976 5.1009672598 5.3467160119 5.4139421143 5.0135733266 8.1941149275 3.501732979 11.857937509 8.236691459 4.3562514364 2.9123841479 1.9809291511 2.6218179941 4.9366367872 1.9249073991 4.3517696962 2.6800806162 2.7473067186 5.9543243305 2.7375962816 2.9206006715 2.2692544348 2.5620614586 3.2290937859 1.5051177374 1.735180399 1.1144593867 3.1155563685 2.5209788405 3.3837138215 2.8802650101 3.3247042427 4.3577453498 2.5583266752 2.4627162184 3.6354382272 3.7594330383 3.5405747271 2.3387214073 1.8621630368 2.4544996948 3.0789554905 3.129001589 4.698357602 4.949335051 2.5740127657 2.9840919904 4.169512263 4.559423657 4.0133983141 5.3377525316 4.8335567635 5.9226196226
2.2035222458 0.9822480519 2.8444110888 3.7669026052 4.6587688972 6.7016954539 6.8070163477 6.7255980681 11.0616816737 6.8824589737 3.1895050812 3.2552372702 3.7975278296 4.5653993105 2.285687482 5.4363508151 3.2059381284 2.3611301081 2.4851249192 2.9123841479 3.1148094118 2.6457206083 1.876355214 2.0391917732 1.2840185561 1.2690794222 2.034710033 3.2201303056 3.2963198883 2.8832528368 3.2627068371 3.0759676637 2.822002388 3.1506633331 2.5949275531 2.7786788997 3.0856781008 4.1299235582 2.5299423208 2.9833450338 2.5740127657 2.8003406439 3.4979981956 4.8821089486 5.7179534886 2.8929632738 2.7898832501 4.2434609757 4.2837966371 3.7751191288 3.4979981956 5.5909708507 5.3258012245
2.6965136635 2.5194849271 3.3934242585 3.5883799555 9.0172612037 5.6761239137 11.292491292 7.3231634229 5.5454064924 4.3614801332 3.0976294079 1.7329395289 4.0186270109 1.569356013 2.3006266159 2.3835388089 3.7654086918 2.3932492459 2.3446970608 2.8630850061 3.984267003 3.3351616364 2.841423262 1.9465691432 1.0442454575 2.2707483482 1.9278952259 1.7628177966 2.5508571082 2.2752300883 2.1684152812 2.7428249785 2.0817683047 2.9863328605 2.3573953246 2.8063162974 3.0012719944 3.7078930264 3.2686824907 2.7204162777 3.4008938254 4.8268341533 4.9530698345 4.0821183299 4.6124575822 3.3710155577 2.831712825 3.3269451128 4.0485052787 3.835622621 4.1881861803 5.3258012245 4.8118950194
2.3193005333 4.4048036214 7.8213835374 8.7341646168 5.1330863976 9.304092574 9.5998874246 10.3632771653 7.3657399544 3.0991233212 3.2074320418 3.6414138807 2.2804587852 1.2683324655 3.4120981758 3.1267607189 2.924335455 2.9303111085 2.2251839899 3.8132139202 3.6160173531 2.9280702384 2.2214492064 2.3536605412 1.7336864856 2.3925022892 2.3798040254 2.4634631751 2.5299423208 1.8561873833 1.2645976821 2.1333083166 2.4940883995 2.3723344585 2.4642101318 2.7846545533 2.775691073 3.1715781205 4.773800228 3.7161095501 4.4346818892 4.744668917 4.1874392236 3.984267003 4.8544715509 3.4942634121 3.604066046 4.4742705939 4.1052739874 4.0656852826 3.8938852431 4.2882783773 4.2091009678
7.2873095016 5.8225274257 10.9989373115 5.7358804492 7.1371712062 8.8887846524 9.3347177984 12.3875298047 7.9670400926 7.2014094818 6.1302735834 6.0794805282 1.1876611426 2.9751285101 3.9065835069 3.8894035029 2.0780335213 3.7549512981 2.8578563093 2.9758754668 3.5794164752 2.7786788997 2.5911927697 2.3723344585 1.7762630171 2.2311596434 2.2431109505 5.5375224956 1.503623824 1.8278030289 2.7809197698 2.5008110098 2.526954494 2.3984779428 2.5366649311 2.6360101713 3.165602467 5.0098385432 6.9720937769 4.7879924052 4.5527010468 4.9777194053 5.3997499372 3.9969652668 4.2240401016 3.3261981561 3.2522494434 4.1590548693 3.3448720734 3.6130295264 4.5183410389 5.1562420551 5.071088992
11.3963182724 10.5679432993 3.4404825302 8.3046645181 9.7126778853 9.1517134085 11.9662462295 12.4218898126 9.2010125503 12.3710967574 16.1828167642 7.6301626239 2.3850327223 2.8003406439 3.5973434358 4.6333723696 4.3248792552 3.4613973176 3.4606503609 3.4434703569 2.7988467305 2.7316206281 2.6875501831 3.0423546125 1.8748613006 2.0496491669 2.2505805175 2.5852171161 2.3999718561 2.6218179941 2.2841935687 2.4552466515 3.9080774203 2.4634631751 2.4821370924 2.4328379507 2.9079024077 2.7039832304 5.6402699925 6.0025439888 4.4600784168 6.789089387 5.4258934214 3.260465967 3.3030424986 2.8272310848 4.5870610547 4.596024535 4.1396339953 5.6880752208 4.1784757433 5.7246760988 5.3302829647
10.2527275747 7.3381025567 9.0299594675 9.5266856686 7.5823573955 8.0805775101 8.6385541601 9.1995186369 10.4730797993 10.8286311854 9.3100682275 3.6922069359 3.9506539518 2.034710033 3.8244182706 3.1327363725 5.5551169294 2.3163127065 3.5353460302 4.1807166134 3.9297391644 3.0423546125 2.9161189313 4.1710061764 3.6451486642 1.9839169779 2.1288265764 2.1766318048 2.1094057024 2.2976387891 2.1325613599 2.8892284904 2.6890440965 2.1594518008 1.7874673675 2.1198630961 2.822002388 3.2126607387 5.0964855196 6.5269075876 5.1308455275 6.518691064 5.1816385827 4.4809932042 3.185023341 2.9549606794 4.7827637083 5.8038535083 4.0320722314 3.3478599002 3.7639147784 4.7573671808 5.1756629291
