data/patches/PatchWetness.asc
NCOLS 129
NROWS 129
XLLCORNER -27000
YLLCORNER 2099760
CELLSIZE 2195.348837
NODATA_VALUE NaN
[rows 96 to 119 of 129, columns 53 to 105 of 129]
0.0169146797 0.0198563631 0.0029416834 0.1213444413 0.8376443551 0.081631715 0.0022062626 0.005147946 0.0007354209 0.1331111749 0.0073542086 0 0.0433898305 0.1198735995 0.015443838 0.0198563631 0.0044125251 0.0397127262 0 0.0014708417 0 0.0433898305 0.0220626257 0.0889859236 0.0926630279 0.1235507038 0.0294168342 0.0007354209 0.0029416834 0.0058833668 0.0161792588 0.0279459925 0.0095604711 0.0073542086 0.0139729963 0 0.0022062626 0.0073542086 0.0007354209 0.0044125251 0.0058833668 0.0058833668 0.0117667337 0.0441252514 0.0022062626 0.0191209423 0.0029416834 0.0014708417 0.0044125251 0.0058833668 0.0110313128 0.0161792588 0.0220626257
0.0095604711 0.0022062626 0.005147946 0.0411835679 0.2228325194 0.0514794599 0.0073542086 0.1581154841 0.0029416834 0.1823843723 0.2551910371 0.0838379776 0.0772191899 0.0683941396 0.0029416834 0.0110313128 0.0088250503 0.0514794599 0.0029416834 0.0058833668 0.0220626257 0.0323585177 0.0073542086 0.0058833668 0.0669232979 0.0029416834 0.0264751508 0.0088250503 0.0022062626 0.0080896294 0.0235334674 0.015443838 0.020591784 0.0036771043 0.0029416834 0.0007354209 0.0235334674 0.0022062626 0.0125021546 0.0375064637 0.02573973 0.0750129273 0.0419189888 0.020591784 0.0022062626 0.0176501005 0.0367710428 0.0073542086 0.0029416834 0.0036771043 0.0007354209 0.0191209423 0
0.0080896294 0.0080896294 0.0007354209 0.0022062626 0.005147946 0.0279459925 0.0161792588 0.0492731974 0.0404481471 0.015443838 0.0014708417 0.0007354209 0.0522148808 0.0227980465 0.0022062626 0.0007354209 0.2640160873 0.0080896294 0.0022062626 0.0022062626 0.0117667337 0.0176501005 0.1316403332 0.0066187877 0.0088250503 0.0080896294 0 0.0007354209 0.0022062626 0.0110313128 0.0522148808 0.0669232979 0.0470669348 0.0066187877 0.0058833668 0.0014708417 0.0250043091 0.1595863258 0.1809135306 0.0389773054 0.0485377765 0.0551565642 0.0389773054 0.0029416834 0.0316230968 0.0404481471 0.0279459925 0.005147946 0.0007354209 0.0036771043 0.0014708417 0.0183855214 0.0007354209
0.0235334674 0.0338293594 0.005147946 0.0279459925 0.0022062626 0.0014708417 0.081631715 0.0411835679 0.0301522551 0.0338293594 0.005147946 0.0022062626 0.0058833668 0.1904740017 0.0044125251 0.0198563631 0.0125021546 0.005147946 0.0125021546 0.0036771043 0.0654524562 0.0242688883 0.030887676 0.0617753519 0.02573973 0.0264751508 0.0330939385 0.0007354209 0.0330939385 0.0088250503 0.0095604711 0.0183855214 0.0139729963 0.02573973 0.0220626257 0.0066187877 0.0698649813 0.0941338696 0.0470669348 0.0316230968 0.0066187877 0.010295892 0.0058833668 0.0073542086 0.0073542086 0.0073542086 0.0478023556 0.0183855214 0.010295892 0 0.0080896294 0.0176501005 0.0492731974
0.0823671359 0.107371445 0.0647170353 0.1235507038 0.3478540649 0.0029416834 0.0853088193 0.0301522551 0.020591784 0.1397299627 0.0720712439 0.0029416834 0.0014708417 0.2610744039 0.010295892 0.0044125251 0.0536857225 0.0588336685 0.0529503016 0.0007354209 0.0073542086 0.0125021546 0.015443838 0.0463315139 0.0014708417 0.0125021546 0.0323585177 0.1242861247 0.0110313128 0.0036771043 0 0.0683941396 0.0036771043 0.0007354209 0.0264751508 0.0426544097 0.0176501005 0.0044125251 0.0250043091 0.0191209423 0.0235334674 0.0183855214 0.0022062626 0 0.020591784 0.0029416834 0.0095604711 0.0500086182 0.0338293594 0.0169146797 0.0095604711 0.0007354209 0.0088250503
0.0889859236 0.0794254525 0.071335823 0.0375064637 0.0191209423 0.0014708417 0.0036771043 0.0139729963 0.0323585177 0.0272105717 0.0338293594 0.0029416834 0.0029416834 0.015443838 0.0036771043 0.0014708417 0.0698649813 0.0426544097 0.0500086182 0.0029416834 0.005147946 0.0029416834 0.02573973 0.0242688883 0 0.0022062626 0.0404481471 0.0279459925 0.0014708417 0.015443838 0.0117667337 0.0139729963 0.0022062626 0.0058833668 0.0007354209 0.0632461936 0.0088250503 0.0073542086 0.0478023556 0.0191209423 0.0073542086 0.0044125251 0.0242688883 0.0073542086 0.0110313128 0 0.0058833668 0.0345647802 0.0198563631 0.0470669348 0.030887676 0.0316230968 0.02573973
0.0227980465 0.015443838 0.0117667337 0.0264751508 0.0058833668 0.005147946 0.0022062626 0.015443838 0.0455960931 0.1213444413 0.0227980465 0.0279459925 0.0007354209 0.0080896294 0.0014708417 0.0985463947 0.0264751508 0.1529675381 0.1360528584 0.0029416834 0.0419189888 0.0213272048 0.0022062626 0.0066187877 0.0007354209 0.0139729963 0.0117667337 0.010295892 0.0014708417 0.005147946 0.0029416834 0.0058833668 0.0235334674 0.0022062626 0.0110313128 0.0360356219 0.0036771043 0.0353002011 0.0066187877 0.0029416834 0.0080896294 0.0007354209 0 0.0029416834 0.0007354209 0.0014708417 0.0286814134 0.0095604711 0.0066187877 0.0132375754 0.0088250503 0.0455960931 0.0235334674
0.0419189888 0.0250043091 0.020591784 0.0580982476 0.015443838 0.005147946 0.0433898305 0.0316230968 0.0125021546 0.1000172364 0.0014708417 0.0036771043 0.0007354209 0.0029416834 0.0948692904 0.0044125251 0.0191209423 0.1809135306 0.0411835679 0.0272105717 0.0066187877 0.0014708417 0.0014708417 0.0110313128 0.0617753519 0.0022062626 0.0014708417 0.0330939385 0.0514794599 0.0227980465 0.0080896294 0.0095604711 0.0389773054 0.0235334674 0.0007354209 0.0397127262 0.0382418845 0.0117667337 0.0095604711 0.0066187877 0.0073542086 0.0029416834 0.0022062626 0.0029416834 0.0125021546 0.0139729963 0.0448606722 0.0183855214 0.0220626257 0.0330939385 0.0323585177 0.0367710428 0.0316230968
0.0095604711 0.0242688883 0.010295892 0.0073542086 0.1272278081 0.0536857225 0.0125021546 0.0147084171 0.0323585177 0.0478023556 0.0073542086 0.1713530595 0.0110313128 0.0029416834 0.0088250503 0.0301522551 0.0603045102 0.0360356219 0.0080896294 0.005147946 0.0264751508 0.005147946 0.0058833668 0.0301522551 0.0132375754 0.0286814134 0.0014708417 0.0382418845 0.0007354209 0.0022062626 0.0022062626 0.1492904338 0.0272105717 0.0227980465 0.0066187877 0.0301522551 0.020591784 0.0117667337 0.0522148808 0.0264751508 0.0316230968 0.0110313128 0.010295892 0.0433898305 0.005147946 0.0360356219 0.0757483482 0.0279459925 0.0022062626 0.0036771043 0.0117667337 0.015443838 0.0242688883
0.0728066648 0.0389773054 0.0389773054 0.0132375754 0.0139729963 0.0110313128 0.0036771043 0.0139729963 0.0132375754 0.0316230968 0.0301522551 0.0882505027 0.0669232979 0.0014708417 0.0073542086 0.0080896294 0.010295892 0.1301694915 0.2434243034 0.0139729963 0.020591784 0.0036771043 0.0169146797 0.005147946 0 0.005147946 0.0007354209 0.0036771043 0.0125021546 0 0.0580982476 0.0470669348 0.0382418845 0.0242688883 0.0353002011 0.0161792588 0.0073542086 0.02573973 0.1029589199 0.0978109739 0.0382418845 0.0566274059 0.0161792588 0.0073542086 0.0654524562 0.0470669348 0.0220626257 0.1345820167 0.0558919851 0.102223499 0.1647342718 0.0294168342 0.0176501005
0.0132375754 0.076483769 0.0404481471 0.0279459925 0.015443838 0.0198563631 0.0139729963 0.020591784 0.0698649813 0.1566446423 0.0242688883 0.0073542086 0.0191209423 0.0110313128 0.0125021546 0.0080896294 0.0500086182 0.0455960931 0.0367710428 0.0426544097 0.0073542086 0.015443838 0.0161792588 0.0301522551 0.0507440391 0.0279459925 0.0529503016 0.091927607 0.1544383798 0.0279459925 0.0397127262 0.0176501005 0.0514794599 0.0566274059 0.0353002011 0.0529503016 0.0227980465 0.0610399311 0.0441252514 0.0433898305 0.0455960931 0.0294168342 0 0.0169146797 0.0147084171 0.0110313128 0.0125021546 0.0036771043 0.0139729963 0.0036771043 0.0470669348 0.0044125251 0.0095604711
0.0426544097 0.0632461936 0.0853088193 0.066187877 0.0250043091 0.076483769 0.081631715 0.0367710428 0.0367710428 0.1147256535 0.2000344729 0.1397299627 0.0139729963 0.1014880781 0.0323585177 0.0191209423 0.0610399311 0.0889859236 0.2485722494 0.0941338696 0.0514794599 0.0125021546 0.0191209423 0.0036771043 0.0242688883 0.0808962942 0.2154783108 0.1801781097 0.1132548118 0.0191209423 0.0455960931 0.0514794599 0.0198563631 0.0036771043 0.0007354209 0.0419189888 0.0676587188 0.0044125251 0.005147946 0.0007354209 0.0389773054 0.0014708417 0 0.0036771043 0.0007354209 0.0073542086 0.0014708417 0.0007354209 0.0014708417 0 0 0 0.0220626257
0.0573628268 0.0750129273 0.1235507038 0.0250043091 0.0073542086 0.0507440391 0.0073542086 0.020591784 0.0610399311 0.0191209423 0.1537029589 0.1617925883 0.0066187877 0.0029416834 0.0014708417 0.0044125251 0.0117667337 0.0073542086 0.0058833668 0.0022062626 0.0389773054 0.0058833668 0.0242688883 0.0022062626 0.0007354209 0.0036771043 0.0294168342 0.117667337 0.0147084171 0.0132375754 0.0088250503 0.0433898305 0.0088250503 0.02573973 0.005147946 0.0161792588 0.0433898305 0.0345647802 0.0183855214 0.020591784 0.0213272048 0.0242688883 0.0014708417 0.0007354209 0.0029416834 0.0036771043 0.0036771043 0.0007354209 0.010295892 0.0580982476 0.0169146797 0.0073542086 0.0125021546
0.0139729963 0.0279459925 0.0911921862 0.1103131284 0.010295892 0.0875150819 0.0036771043 0.010295892 0.0220626257 0.0169146797 0.0742775065 0.005147946 0.0375064637 0.0014708417 0 0.005147946 0.0213272048 0.010295892 0.0213272048 0.0073542086 0.0036771043 0.0014708417 0.0014708417 0.0014708417 0.0029416834 0.0014708417 0.0022062626 0.0213272048 0.0095604711 0 0.030887676 0.0411835679 0.0029416834 0.0029416834 0.0022062626 0.0132375754 0.0272105717 0.0125021546 0.005147946 0.0213272048 0.0147084171 0.0455960931 0.0095604711 0.0007354209 0.0088250503 0.005147946 0 0.010295892 0.0029416834 0.0022062626 0.0058833668 0.0147084171 0.0169146797
0.0022062626 0.0220626257 0.010295892 0.0110313128 0.066187877 0.0132375754 0.0213272048 0.0448606722 0.0139729963 0.0058833668 0.0544211433 0.0036771043 0 0.0036771043 0 0.0007354209 0.0169146797 0.015443838 0.1044297616 0.0286814134 0.0080896294 0.0132375754 0.0044125251 0.0044125251 0.0147084171 0.0580982476 0.0294168342 0.0772191899 0.0022062626 0.030887676 0 0.0198563631 0.0250043091 0.005147946 0.0029416834 0.0220626257 0.0161792588 0.0566274059 0.0117667337 0.0264751508 0 0.0029416834 0.0007354209 0.0014708417 0.0058833668 0.0014708417 0.0036771043 0 0 0.0345647802 0.0198563631 0.0426544097 0.0066187877
0.005147946 0.0147084171 0.0227980465 0.0323585177 0.0169146797 0.0110313128 0.0242688883 0.010295892 0.0117667337 0.0235334674 0 0.0007354209 0 0.0022062626 0.005147946 0.0036771043 0.0022062626 0.0036771043 0.0080896294 0.0353002011 0.0073542086 0.0007354209 0.0036771043 0.0014708417 0.0014708417 0.0007354209 0.0014708417 0.0029416834 0.0007354209 0.0014708417 0.005147946 0.0235334674 0.0301522551 0.0044125251 0.0073542086 0.0250043091 0.0441252514 0.0220626257 0.0095604711 0.0125021546 0.015443838 0.0095604711 0.0066187877 0.0117667337 0.0014708417 0.0095604711 0.010295892 0.0073542086 0 0.0353002011 0.005147946 0.015443838 0.0088250503
0.015443838 0.0227980465 0.0029416834 0.0507440391 0.005147946 0.0345647802 0.0066187877 0.0007354209 0.005147946 0.0036771043 0.0073542086 0.010295892 0.0007354209 0.005147946 0.0250043091 0.0492731974 0.0110313128 0.0022062626 0.0007354209 0.005147946 0.0617753519 0.010295892 0.0022062626 0.0014708417 0 0.0044125251 0.0014708417 0.0022062626 0.0007354209 0.0007354209 0.0110313128 0.0367710428 0.0176501005 0.0058833668 0.0007354209 0.0110313128 0.0066187877 0.030887676 0.0375064637 0.0330939385 0.0014708417 0.0007354209 0.0213272048 0.0073542086 0.0036771043 0 0 0 0.0007354209 0 0.0139729963 0.0294168342 0.0036771043
0.02573973 0.0073542086 0.0058833668 0.0132375754 0.0176501005 0.0580982476 0.0625107728 0.0213272048 0.0029416834 0.0007354209 0 0.0139729963 0 0.0007354209 0.0073542086 0.0110313128 0 0 0.0007354209 0.0485377765 0.0169146797 0.0558919851 0.0522148808 0.020591784 0.005147946 0.0007354209 0.0014708417 0.0007354209 0.0014708417 0 0.0095604711 0.0147084171 0.0345647802 0.0007354209 0.0132375754 0.0058833668 0.010295892 0.0125021546 0.0411835679 0.010295892 0 0.0132375754 0.0007354209 0.0073542086 0.015443838 0 0.0036771043 0.0029416834 0.0007354209 0.0029416834 0.0029416834 0.0382418845 0.0110313128
0.005147946 0.0213272048 0.0080896294 0.0110313128 0.020591784 0.0095604711 0.0220626257 0.0301522551 0.0382418845 0.0029416834 0.0264751508 0 0.0066187877 0 0.005147946 0.0779546107 0.0022062626 0.0029416834 0.0007354209 0.0088250503 0.0007354209 0 0.010295892 0.0095604711 0.0080896294 0.0058833668 0.0014708417 0.0014708417 0.0014708417 0.0022062626 0.0073542086 0 0 0.0014708417 0.0036771043 0.0110313128 0.0007354209 0.0073542086 0.0360356219 0.0110313128 0.0022062626 0.0022062626 0.0080896294 0.0176501005 0.0007354209 0.0022062626 0 0.015443838 0.0014708417 0.0110313128 0.0066187877 0.0058833668 0.0161792588
0.0073542086 0.0058833668 0.0139729963 0.0014708417 0.005147946 0.0036771043 0.0198563631 0.005147946 0.0014708417 0.0669232979 0.0330939385 0.0007354209 0.0147084171 0.0007354209 0.0022062626 0.0345647802 0.0139729963 0.0029416834 0.0036771043 0.0007354209 0.0007354209 0.0073542086 0.010295892 0.0036771043 0.0066187877 0.0073542086 0.0007354209 0.0132375754 0.0014708417 0 0.0036771043 0 0.0022062626 0 0.0022062626 0.0014708417 0.0036771043 0.0058833668 0.0360356219 0.0183855214 0.0110313128 0.0007354209 0.0029416834 0.0066187877 0.0022062626 0.0022062626 0.0117667337 0.0139729963 0 0.005147946 0.0617753519 0.0375064637 0.0801608733
0.0036771043 0.005147946 0.0470669348 0.02573973 0.0080896294 0.0066187877 0.0058833668 0.0073542086 0.0058833668 0.577305372 0.0301522551 0 0 0.0073542086 0 0.0080896294 0 0.0029416834 0.0183855214 0.0022062626 0.0036771043 0.0176501005 0.0242688883 0.0044125251 0.0301522551 0.0066187877 0.0022062626 0 0.0014708417 0 0.0007354209 0.0007354209 0.0095604711 0 0.0036771043 0.0022062626 0.0014708417 0.0007354209 0.0058833668 0.0036771043 0.0117667337 0.0014708417 0.0117667337 0.0110313128 0.005147946 0.0014708417 0.0073542086 0.0161792588 0.0088250503 0.0132375754 0.0330939385 0.0720712439 0.0492731974
0.0323585177 0.0066187877 0.0117667337 0.0250043091 0.0235334674 0.0110313128 0.0022062626 0.0073542086 0.1331111749 0.2882849756 0.0029416834 0.0014708417 0 0.0022062626 0.005147946 0.0007354209 0.0110313128 0 0.005147946 0.0117667337 0.0088250503 0.0022062626 0.0161792588 0.0007354209 0.0169146797 0.0036771043 0.0014708417 0.0007354209 0 0 0.0007354209 0.0036771043 0.020591784 0.0191209423 0.0191209423 0.0088250503 0 0 0.0014708417 0.0073542086 0.0514794599 0.015443838 0.0058833668 0.0014708417 0.0007354209 0.0095604711 0.0088250503 0.0036771043 0.0316230968 0.0088250503 0.0191209423 0.0963401321 0.076483769
0.1000172364 0.0022062626 0 0.0426544097 0.0176501005 0.0066187877 0.0080896294 0.0198563631 0.0080896294 0.0139729963 0.0007354209 0.0117667337 0.0073542086 0 0.0022062626 0.0007354209 0.0139729963 0.0007354209 0.0007354209 0.0139729963 0.0022062626 0.0426544097 0.005147946 0.0080896294 0.0029416834 0.0014708417 0.0036771043 0.0044125251 0.0125021546 0.0073542086 0.0029416834 0.015443838 0.0544211433 0.0242688883 0.0176501005 0.010295892 0 0 0.0007354209 0.0014708417 0.0110313128 0.0110313128 0.0036771043 0 0.0007354209 0.0198563631 0 0 0 0 0.0014708417 0.0007354209 0.0022062626
0.0022062626 0 0.0139729963 0.0044125251 0.0029416834 0.0007354209 0.0242688883 0.0455960931 0.0316230968 0.0014708417 0.0220626257 0.020591784 0.0227980465 0.0058833668 0.0029416834 0.030887676 0.1154610744 0.0544211433 0.005147946 0.0227980465 0.0036771043 0.010295892 0.071335823 0.0191209423 0.0036771043 0.005147946 0.0250043091 0.010295892 0.0095604711 0.0014708417 0.0066187877 0.0044125251 0.0022062626 0.005147946 0.0022062626 0.0022062626 0.0014708417 0.0014708417 0.0058833668 0.0036771043 0.0022062626 0.0022062626 0.005147946 0 0 0 0 0 0 0 0 0.0183855214 0.010295892
