data/patches/PatchStreams.asc
NCOLS 129
NROWS 129
XLLCORNER -27000
YLLCORNER 2099760
CELLSIZE 2195.348837
NODATA_VALUE NaN
[rows 96 to 119 of 129, columns 54 to 107 of 129]
0 26.5319017524 0 62706.1852956227 16150.8739081801 67057.7077491651 52618.0010761545 52496.0663715976 11362.6865472835 325.0875043091 0 0 0 539.1936770145 0 0 36.2483144211 25435.9123638592 167.8650716389 35.3400150819 0 674.18369066 0 1572.6769824583 692.6439783826 6763.3776437267 4422.2084593597 1394.8176302607 7786.5066354855 0 1023.2940691881 0 161.5144458309 92.2939690463 0 0 0 0 73.1927924806 103.2712446136 54.9028108841 252.6020798172 2.5530979783 4583.4368207771 1342.7562426386 10011.7294671072 0 235.4482193515 0 303.2300575445 376.5655187536 349.6339951702 0 193.4939027489
0 7.1349303361 27.5216193712 64820.9197870583 591.7734525819 257.9525306126 39.8501395971 20.0535463498 49528.6598997684 17073.7516012371 16.3815072447 1.2601159419 7.6592939349 435.1881739712 35.0509428415 0 108.7449432634 4916.0924903045 18362.5611375592 0 0 649.1852909994 0 569.8719353724 962.0055255315 9104.5468280936 2601.299093741 67.6563494685 5249.2120199386 1667.6181660263 823.209020576 111.0037403045 18.2451641949 99.5140524454 37.7467095483 53.5060018673 0 124.7313104173 8.516800219 135.4068154805 322.7129289805 61.7471750664 2125.9918757631 2554.077238536 0 9658.6736633241 74.3901640603 112.6238893727 21.0484926655 80.6907437698 0 380.4840535676 78.4610780397 225.5854031708
0 48.2339815247 2665.8137433568 38100.1029764705 25032.4459467466 383.3822455383 545.5921080508 18.1136998169 0 36567.6660450032 30925.3755346883 0 32.2685291583 239.4272576576 28.1931334387 0 196.3002190463 357.0781655774 24548.7593685812 113.3222938811 15.4530400747 546.6587622091 118.5465089953 1500.7286198291 0 9624.8066468418 15.9191410514 179.0903368285 4524.9553403745 4784.84547665 597.9179183424 162.0238702959 169.0542266949 85.787976246 0 9.7283639759 228.6165534329 131.1297414536 213.7274656618 235.5169393673 2930.5725433604 3552.6313550794 4824.3990744398 20.2395385665 0 8769.4426345249 1185.0408185507 3.2223711757 2.3387214073 71.9401461056 226.2337615807 164.533644786 0 217.3464708417
0 11.2342286699 14805.7229223822 43.7851074583 57018.3491009229 0 95.7142837457 343.3797267757 206.3258717861 16.2888846147 47696.2399315032 19577.4017933963 50.7243351408 56.1442529086 16.110361965 20.0363663459 498.6481207358 165.5734085033 22860.5864482638 751.0910987773 0 372.8494092035 286.0918831693 1616.1692828928 1560.7794562446 8064.0271905972 35.8180673657 0 52.0531710985 6329.1769465042 1786.8653204 385.259347709 173.820557356 80.0946723284 80.0946723284 30.5019765782 0 1218.0787131033 1828.6642700104 4013.396073192 236.0151594818 373.2647171251 42.5003419456 76.082020971 384.0358326451 8531.9425251365 2236.7827334099 167.1509810399 15.9191410514 1.9443282731 185.1003503842 236.5171143798 0 6.0503492172
12645.2575013017 12980.1368609056 1511.787313676 0 2781.3828829718 49933.1541292911 0 52.4647442366 0 190.0369871714 14.4521181054 51692.3058624497 105.6010025406 92.6779047867 0 120.2181980753 365.2722805049 177.4455381895 0 22922.0273710859 306.5375817833 0 426.8244998743 1248.6800349217 538.7230942976 10996.8510614317 19.5583140621 0 94.5318512999 764.1464078659 5969.1146889364 226.6923929905 280.2805600941 285.4554760665 155.1712895899 200.0559173011 1227.0825290865 641.8247797418 449.1532763125 887.5070527506 32.9646927966 330.7643751795 0 180.6947998061 4435.6738476731 3423.2606966389 2293.8524656618 3.6331973571 27.85849684 0 0 267.3671727772 108.6515736767 0
91.0838992028 184.7970859667 39.9584483177 286.9867372881 317.450619075 51006.9140866041 397.0373608518 231.6051271635 0 0 0 20955.1678962583 37588.6617284455 161.1954953228 0 210.3818466317 170.30911394 114.8177011814 17.021649131 23137.2913266662 138.6717631877 160.5673047436 418.0432769858 1234.4116681629 81.8612249084 9225.2460662794 87.4820740269 0 120.6096033826 650.3483025711 2531.8821673459 3354.6325565121 73.08224289 0 68.9650175955 595.323737746 534.6454577079 0 334.3109255602 486.2859874587 190.2931933173 315.6840664949 1.1809385324 77.3085238617 7131.0850030523 6.0279405164 621.7787029589 1112.8160819448 78.2780736498 2.9310580652 12.8312220806 136.8663688595 4.0231087511 0
149.3629543414 103.5834725115 129.096525334 95.6268898126 0 51828.63666336 107.9471935148 209.5474960051 452.1814387478 165.4322336882 0 53.7599671431 59614.9184648808 17.9628145648 0 0 380.6909605717 0 60.3511130063 23036.7464739838 0 299.2390679313 429.3417439313 1170.6559265477 62.0160794761 9049.9487755404 0 0 313.848793899 433.9011675883 9.2622629991 4822.7116992692 127.8939250575 7.308224289 72.6004558227 667.9241935687 549.0953349433 0 206.4782509516 143.6427599828 555.6312060112 205.4504385414 15.9191410514 70.2228926673 6005.915004354 1361.7326774364 1018.4171889364 280.314920102 338.0330107638 338.0330107638 244.256332681 19.4373070777 0 31.6971072878
149.3629543414 33.8109947303 95.2855306036 7.549491301 0 54228.9394213229 50.9977212906 0 0 220.6704281277 98.3585104406 0 51109.1239057562 114.9103238114 63.9738529697 0 255.575714414 21.4764988509 172.6933997055 22826.4818995529 65.4423698291 160.5673047436 340.4217782695 1170.6559265477 0 9246.4768163782 51.6565370942 0 389.521482602 129.4924123815 116.5431711433 3707.1415879955 2480.4377659527 0 0 624.3639200751 72.2493861767 635.7945983554 141.0478324296 119.5504187913 553.9752030218 48.1032641033 0 11.087825158 7097.7677466964 0 1029.6021184645 199.9692703246 0 0 0 0 34.2584217897 22654.7879279033
32.0063473589 0 0 0 0 48200.9182336254 831.5824051099 568.6835272731 85.7715431988 1.3639429223 138.4304961757 0 38516.8420670694 13881.8525238796 5.2077820669 0 27.9869733913 142.6597649741 185.6336774634 21980.3741745817 14.0233649634 0 64.4227739425 341.9575212313 881.2714582735 7129.1548669563 2055.8922309502 46.2694854209 287.1010216622 29.2672571639 252.5102041439 1071.1119958345 4196.1397752083 1103.7353294222 0 214.2055179456 234.9925757685 677.3926166152 79.722687895 183.9754336038 526.4827149616 0 0 45.1834103885 7395.6234508313 0 853.0723491813 56.2413572788 231.2144688128 231.2144688128 112.4827145576 0 0 35986.2289791457
0 0 1288.3598683927 3448.7027885755 3360.2093351857 45857.264671296 0 321.2406773377 526.0270713786 243.0193723966 36.429077941 43.7148935292 23216.2371796 27244.2668813739 88.5322951379 0 0 142.6597649741 171.7111516536 7121.2610286196 22519.5417081119 76.1223566324 0 280.0856043971 912.9655777345 0 9001.3375808855 44.6919128842 29.3733250144 262.8503256518 278.4086866202 1071.1119958345 117.016741687 4204.6685267344 182.8116750754 66.990064098 0 361.8669049393 447.9461942958 196.4436347314 542.8933535173 6.984045084 0 0 7090.99882514 66.1743873887 835.9640530738 0 61.2877966999 61.2877966999 0 0 50.9909986803 442.0340320669
2537.5904103975 2940.8357283288 1928.553294716 0 201.9785838301 46062.0294035927 33.3471346237 0 314.0056548047 57.1810287992 321.6432869955 0 29466.7625741077 22740.0530344639 615.9905355412 227.3624131446 0 22.5252260485 185.6336774634 686.3269656259 22919.8425227575 12.1858514974 58.8982822375 239.4220289608 445.6037381051 524.5107492908 9936.0403453569 0 9.8508648736 217.9149048854 90.644688667 1183.860626975 101.2036684861 31.6261464019 4405.1233189098 19.9975245978 0 223.24294698 722.4938617675 65.7127681521 306.9655879686 2.7936180336 0 4311.7529852682 3251.6996832807 59.0842744542 253.7023470267 490.2874344657 266.590337816 82.5133181018 17.7895206119 131.9693207771 367.9687941683 17644.8679664608
314.1520583166 305.5814772156 0 257.0636521474 85.6878840491 47023.8982360493 0 0 206.4229761563 139.6390721057 135.8049433981 0 33038.4913709692 19458.3637868967 473.5444001813 401.2277879022 320.9822303217 0 195.0251639705 446.1355712708 1394.751151115 23031.7500806611 0 0 235.507975887 517.7179251203 1925.8948758439 8613.5318578085 42.262809717 60.1315077384 92.8661378735 175.1307193964 978.6962728472 44.2766049627 2148.620928792 1375.1173944269 0 164.4948030379 549.0953349433 123.9126458812 208.5353696854 0 0 6262.141318048 329.978576738 111.7215656869 0 46.2381132397 53.1758470088 29.0894814708 0 19.3170470501 48.7165155487 46481.7936688003
144.9932576846 277.1552932886 189.7374575373 55.0850683173 36529.214955293 17383.743110771 676.8548077959 338.4274038979 0 127.4965440965 139.6390721057 0 21791.8774121122 10614.7632918432 19352.4572790685 0 521.5961242728 0 279.8450843418 237.7540746642 271.7189424734 17711.3545817473 13775.284212421 0 224.0197819413 506.6457860529 302.6018669653 8235.5986613491 33.2948476551 29.3329893529 28.4904222027 90.4355407929 771.7788113599 68.8036749497 0 2713.5360595465 1423.4051568335 0 0 534.6454577079 207.4515355232 0 0 6165.8899724397 61.735970716 367.7521767272 5.2167455473 0 0 0 0 68.2031217682 253.068180794 46200.7168528709
21.3196379453 149.2374656169 165.2552049519 0 46219.7582729011 58.6600030523 10.1137936297 556.6717166852 202.9137736103 116.4132006787 78.9264320598 538.3466281241 5248.87962421 27922.7410912812 17507.0439991202 0 414.6020474989 133.7425959674 196.5018973535 418.9000363132 22.6432452061 1208.9837684035 14798.4729607153 6313.8576116777 97.6496485385 468.6473520989 294.4234381284 7927.7038592538 830.9594432275 115.6662439852 27.3946367333 0 172.5918135952 644.8424847835 80.270954108 93.1910640351 3316.1291798334 108.0345874479 81.7559040147 131.8557833597 175.4885116525 18.5581390495 0 6076.9408754668 126.7212030487 292.1138480322 282.8403806826 152.1162367136 123.3374892272 0 48.7165155487 158.8104626005 180.468471928 49836.461332277
0 0 0 0 47410.7022902004 489.1819385593 0 148.7803281205 75.6443043486 147.1952860169 0 2960.9064546826 16557.7666156456 15844.7493934484 18351.3052471452 0 0 521.5961242728 196.5018973535 418.9000363132 15.7712436261 747.6013171054 386.3797827492 20396.2142268745 281.7445952133 341.9859055857 353.5607465078 179.9254344118 10241.1153859344 45.5008669833 112.6223954593 6.0876970519 99.4117193784 436.8255030433 152.0960688829 59.737861561 2636.4068052912 191.6504136293 134.9003788423 37.6055347332 80.6421915847 76.8020872235 0 1298.0135366992 5196.5941495799 107.2256333489 36.9385024059 0 0 0 101.8027277542 305.6591607117 473.311349693 51845.0756862701
193.7799871625 168.2826204306 0 24942.3091886311 23771.8220742962 464.7228416314 1134.0027615987 14.477514633 143.9482652704 14.7486599127 0 4857.5803846775 27590.2878470177 240.0031612683 15974.0348988258 3651.2079768745 0 561.7189030631 100.9063797221 418.9000363132 36.7995684609 703.6757817886 340.3821895648 19480.0800588462 251.4540073793 233.3642101767 481.3134967502 310.7802958022 2953.0096285191 8831.0456469495 4516.1688887891 0 0 106.2904435687 248.5214554007 131.3329136742 1521.9421899239 1161.7200836236 12.9223507972 154.171861534 0 0 71.0803989515 135.0527580078 5910.5166832896 173.2312085248 16.2463080832 0 4.8918193856 99.0464575553 190.766763861 278.1696604783 688.3093886904 47305.2140781205
1.179444619 107.088940274 13178.2028855753 36622.4553184699 0 737.5286060938 379.1163758618 37.9917113437 40.4350066881 0 0 4852.8596183747 28256.0286861714 175.1374420066 129.7314385234 21299.2221249282 1353.8507904069 106.9940767739 414.6020474989 430.2216589163 0 703.6757817886 319.5734699978 20401.6072542014 64.438460033 184.6925120296 452.4847031654 530.5924706891 775.8489783826 1070.0333903691 2413.6837401699 7040.6397518224 4193.8779903404 0 200.7124922346 150.4796545982 113.5852226372 2726.8983678361 80.4517176278 79.8601279266 46.2515584602 7.1080398951 110.1746183747 60.7499878806 5371.3962080311 225.165613509 205.5094481202 180.9973172669 70.4387631518 82.5387146294 0 219.6672652884 688.3093886904 51844.544600061
155.5320696729 42189.3980662435 40022.3795940911 0 755.0888110008 140.481639256 18.9375930498 14.4730328928 0 9.3123090976 49.2222052302 5003.8247948237 29743.1880907067 0 266.6381430444 24.5913082627 18051.3438720914 0 494.8476050794 418.9000363132 0 722.6940461613 167.4168976228 12722.5607964665 9667.5602071064 12.7639959782 224.8713125718 735.6417934861 148.5510124156 1024.7991869255 106.6519706083 694.0826169743 2463.1987524239 5032.6535884085 101.9282164787 194.5217151591 36.8660476067 2168.0358271689 63.3366989102 52.709746032 0 0 227.1794087547 292.5590342215 4815.3930175865 0 0 0 0 0 590.7067984236 771.4583669384 111.4877682419 27961.7800359092
42435.2894871265 14457.2691187877 80.9865386204 109.1557694448 614.8559083238 539.1518474397 329.9345062931 0 0 0 4068.7702137496 987.9607767165 27791.2557984415 293.7780675452 246.4897331945 0 17424.6763375736 0 13.3742595967 464.1865267254 351.7531113096 551.0239771258 218.3354415039 1.1099776465 20688.9644820095 0 79.8586340132 687.4541232764 168.6254735529 968.1731469495 59.9656833525 0 1503.845670111 2149.9437890962 6430.612918522 151.0047651537 3.8236713139 883.3741413656 1320.4170088067 0 0 190.3395046323 0 152.9446116867 4720.8522028063 191.1514465581 179.076891608 23.5627488958 0 483.1607206532 0 128.0440633528 594.7762184897 148.1147897066
0 688.2697999856 0 15.2648069879 94.1329764256 9.0307064242 216.4493758528 156.2065715671 67.5487877047 2014.1478091784 4067.1284029374 0 28529.2744081263 274.1928630422 214.0568735636 72.5190375431 16416.9077632595 0 169.8243390459 90.5729808245 10.466357189 253.9353975151 286.6603172131 87.3341766016 16768.4285710374 4369.4486672292 0 411.5462476659 230.7625600133 481.5950994237 557.3365081424 0 0 1648.155462421 1576.8121347134 5457.8736253052 0 870.9268550255 1152.4496041008 52.802368662 0 0 3.7131217233 359.0889729963 4337.3160841892 165.6451163459 95.7060672221 25.7670180982 0 324.583308541 0 92.9064735349 461.1053303648 87.2841305031
0 608.7592477916 0 0 0 87.2968287669 0 0 0 4502.2127499282 0 62.6099100474 27222.439312877 0 0 283.4835103957 16800.0786200535 399.6263127514 16.5286577133 0 0 57.7143558783 334.379645576 113.534429582 656.8528014579 16980.1467231938 14445.661411771 110.9768498635 468.6473520989 243.9284186925 641.8509232261 0 0 73.3787846973 1293.8126522551 627.0283146007 5017.2184752945 720.9626005458 1166.3915507846 115.873897946 97.50473894 0 0 522.3415870529 3940.6536955975 132.162035604 44.1720310256 0 0 218.1442205903 0 78.1563197088 479.2586188865 27065.6321881284
11.6435609379 256.3196832807 608.7592477916 431.7148253465 76.4995697626 22.5610799698 0 0.974778485 2969.5741401537 1066.3135460356 0 19566.0226551278 11115.8210948722 24.9364022551 113.8817644445 472.2835372827 16642.866644777 118.8579899364 281.3681290398 0 0 88.4396725079 237.9856312392 0 623.1680424088 0 17870.520595734 0 468.6473520989 158.3981425057 602.4721133026 33.0797241274 0 0 268.0976964234 985.2284091317 4885.1864101551 583.5345202528 246.3015001077 864.7607275208 0 0 218.5662511222 252.1090883995 3818.1901457017 83.8623218903 127.4965440965 21.2494240161 0 173.6181320921 16.751250808 179.308448183 293.5838588049 37089.9404059537
172.6284144732 1.866644777 27.2952914931 64.7551696711 221.5354039787 0 0 17.3084805013 4092.9193236498 15.8668540829 0 27505.8137675955 0 153.7744805731 95.5118584818 3.1260137622 15573.2037449278 30.0933912669 167.3802967448 45.9288731686 0 122.2088376634 173.6651903638 607.6320901411 225.8617771474 0 11502.2150697985 12100.0127281133 468.6473520989 0 712.1410419958 83.7950957878 0 0 55.5623736444 931.2338975869 3371.0753142057 1779.7542926781 577.7500876185 943.9971466084 21.2957353311 0 133.8725664321 119.3382830903 3879.6348033072 162.9859505171 150.7620042283 101.8662190732 53.5941427571 101.6974068605 83.1116304133 213.7424047957 88.0751576415 12001.4839115466
0 0 0 77.9284979173 0 0 0 5049.8813975869 157.9723771905 0 11344.7663092502 17390.3910253429 127.0087813757 16.6242681701 108.0577431054 0 15573.2037449278 0 115.3861352252 0 58.5330204144 135.0729258385 268.5906878411 209.9127578282 53.5590357925 0 1003.7327672993 8223.4083281115 13262.2990049106 164.6598804672 52.7993808352 474.8388761311 353.6234908701 0 47.1523882325 172.0876178271 650.0315929331 5067.7949130099 530.6410228742 224.8190256033 607.0113691288 0 124.2301024759 0 229.2410092287 3479.0142911969 0 12.2239462888 77.1755655702 0 10.6553372325 110.4114036466 124.8747261024 27874.1082348822
