data/patches/PatchWetness.asc
NCOLS 129
NROWS 129
XLLCORNER -27000
YLLCORNER 2099760
CELLSIZE 2195.348837
NODATA_VALUE NaN
[rows 72 to 95 of 129, columns 53 to 105 of 129]
0.0794254525 0.066187877 0 0.0455960931 0.1507612755 0.5883366849 0.2404826199 0.168411376 0.4471358805 0.0772191899 0.0014708417 0.316966389 0.0125021546 0.2904912381 0.2103303648 0 0.1044297616 0.0161792588 0.0088250503 0.0161792588 0.0250043091 0.0191209423 0.0345647802 0.0316230968 0.0536857225 0.0580982476 0.0551565642 0.0728066648 0.1000172364 0.0036771043 0.0073542086 0.005147946 0.0235334674 0.0191209423 0.030887676 0.0272105717 0.0301522551 0.0463315139 0.0147084171 0.0132375754 0.0183855214 0.3552082735 0.1514966964 0.005147946 0.0169146797 0.1081068658 0.0044125251 0.0095604711 0.1441424878 0.0853088193 0.0095604711 0.0044125251 0.0316230968
0.4515484056 0.0580982476 0 0 0.0323585177 0.5405343292 0.3809480034 0.1926802643 0.0478023556 0.2309221488 0.081631715 0.2529847745 0.3287331227 0.1860614766 0.1897385809 0.0095604711 0.2448951451 0.0022062626 0.0044125251 0.0117667337 0.0110313128 0.0161792588 0.02573973 0.0316230968 0.0176501005 0.0073542086 0.0345647802 0.0316230968 0.020591784 0.0227980465 0.0080896294 0.010295892 0.0095604711 0.0073542086 0.010295892 0.0125021546 0.0198563631 0.0353002011 0.0330939385 0.0242688883 0.1301694915 0.0117667337 0.0117667337 0.0080896294 0.0272105717 0.0007354209 0.2265096237 0.0433898305 0.1345820167 0.0941338696 0.0066187877 0.0007354209 0.0448606722
0.1713530595 0.0147084171 0 0.015443838 0.005147946 0.0639816145 0.0522148808 0.3544728526 0.6280494111 0.0441252514 0.1220798621 0.2500430911 0.5920137891 0.0426544097 0.071335823 0.127963229 0.2426888825 0.005147946 0.020591784 0.0147084171 0.0250043091 0.02573973 0.0088250503 0.0058833668 0.0382418845 0.0279459925 0.0492731974 0.0080896294 0.0044125251 0.015443838 0.010295892 0.0286814134 0.015443838 0.0617753519 0.0588336685 0.0544211433 0.0264751508 0.066187877 0.0242688883 0.0522148808 0.0330939385 0.0264751508 0.0007354209 0.0022062626 0.076483769 0.0007354209 0.0036771043 0.0014708417 0.0279459925 0.1397299627 0.1566446423 0.0080896294 0.0529503016
0.1139902327 0.0669232979 0.0007354209 0.0044125251 0.0264751508 0.0478023556 0.178707268 0.3074059178 0.9641367423 0.6324619362 0.1603217466 0.6773226084 0.107371445 0.0985463947 0.0558919851 0.0382418845 0 0.0058833668 0.0066187877 0.0044125251 0.0279459925 0.0161792588 0.0176501005 0.0316230968 0.0353002011 0.0301522551 0.0426544097 0.0522148808 0.0014708417 0.0198563631 0.0029416834 0.0125021546 0 0.0286814134 0.0441252514 0.0411835679 0.0058833668 0.0779546107 0.1066360241 0.107371445 0.1853260557 0.0227980465 0 0.030887676 0.1448779086 0.010295892 0.0007354209 0.0176501005 0.0014708417 0.1044297616 0.0183855214 0.0191209423 0.0029416834
0.005147946 0.0397127262 0.0007354209 0.0022062626 0.0478023556 0.286078713 0.6486411951 0.1191381787 0.9310428038 0.9185406492 0.1169319161 0.0603045102 0.2390117782 0.0036771043 0.0772191899 0.2103303648 0.5295030164 0 0.020591784 0.0235334674 0.0176501005 0.0588336685 0.0213272048 0.0330939385 0.0338293594 0.0132375754 0.0441252514 0.0522148808 0.0176501005 0.0095604711 0.0213272048 0.0191209423 0.0132375754 0.005147946 0.1595863258 0.0176501005 0.0323585177 0.0522148808 0.0853088193 0.0544211433 0.112519391 0.0176501005 0.0036771043 0.1676759552 0.2610744039 0.0264751508 0.010295892 0.005147946 0.0029416834 0.0522148808 0.0080896294 0.0169146797 0.0110313128
0.0338293594 0.0183855214 0.0029416834 0.0125021546 0.0066187877 0.0904567653 0.0294168342 0.4250732548 0.1742947429 0.3324102269 0.0227980465 0.0522148808 0.2743119793 0.1978282103 0.2493076702 0.0382418845 0.2000344729 0.1257569664 0.0073542086 0.0161792588 0.0198563631 0.0176501005 0.015443838 0.0411835679 0.0242688883 0.0529503016 0.0389773054 0.0183855214 0.0022062626 0.0595690893 0.0294168342 0.030887676 0.0213272048 0.0058833668 0.1823843723 0.030887676 0.0338293594 0.0529503016 0.0779546107 0.066187877 0.0669232979 0.0014708417 0.0117667337 0.0470669348 0.0669232979 0.1338465958 0.0985463947 0.0463315139 0.0588336685 0.0367710428 0.2956391841 0.0801608733 0.0147084171
0.0433898305 0.0426544097 0.0044125251 0 0.0014708417 0.0095604711 0.3552082735 0.1514966964 0.0058833668 0.3427061189 0.1272278081 0.8449985636 0.5545073255 0.4133065211 0.4155127837 0.0897213444 0.0191209423 0.0632461936 0.0073542086 0.0139729963 0.0279459925 0.0448606722 0.0375064637 0.2140074691 0.0360356219 0.0250043091 0.0147084171 0.0198563631 0.0095604711 0.0279459925 0.0338293594 0.0191209423 0.0507440391 0.0294168342 0.0522148808 0.0375064637 0.0132375754 0.1191381787 0.010295892 0.0485377765 0.2331284114 0.0676587188 0.0345647802 0.0389773054 0.0441252514 0.0022062626 0.1610571675 0.0926630279 0.6993852341 0.0536857225 0.0117667337 0.086779661 0.0110313128
0.0985463947 0.0544211433 0.0029416834 0.0007354209 0.0080896294 0.0022062626 0.4052168917 0.0544211433 0.010295892 0.4008043666 0.0853088193 0.1801781097 0.2103303648 0.2309221488 0.1220798621 0.2368055157 0.0294168342 0.086779661 0.0066187877 0.010295892 0.0191209423 0.3346164895 0.0316230968 0.0353002011 0.0529503016 0.0183855214 0.0448606722 0.0169146797 0.02573973 0.0794254525 0.0448606722 0.0353002011 0.0757483482 0.0433898305 0.0566274059 0.0227980465 0.0286814134 0.1169319161 0.1220798621 0.0433898305 0.0742775065 0.0323585177 0.015443838 0.0007354209 0.0595690893 0.0433898305 0.0169146797 0.071335823 0.0529503016 0.0345647802 0.112519391 0.0845733984 0.0544211433
0.4044814708 0.0580982476 0.0044125251 0.0014708417 0.0022062626 0.0007354209 0.5015570238 0.5221488078 0.0647170353 0.1198735995 0.2993162884 0.0264751508 0.0036771043 0.2647515082 0.1559092215 0.0933984487 0.1184027578 0.0735420856 0.0161792588 0.0044125251 0.0279459925 0.0426544097 0.0338293594 0.0544211433 0.0294168342 0.0544211433 0.0294168342 0.0264751508 0.0433898305 0.0536857225 0.0279459925 0.0433898305 0.0397127262 0.1213444413 0.0492731974 0.0448606722 0.1235507038 0.1294340707 0.0573628268 0.0580982476 0.2360700948 0.0433898305 0.0933984487 0.0603045102 0.2162137317 0.0853088193 0.1882677392 0.1522321172 0.0860442402 0.0367710428 0.1434070669 0.230186728 0.0235334674
0.4456650388 0.0316230968 0.0485377765 0.0213272048 0 0.0191209423 0.2448951451 0.480229819 0.1514966964 0.2919620799 0.2345992531 0.4611088768 0.5589198506 0.0831025567 0.1669405343 0.0889859236 0.091927607 0.0272105717 0.0353002011 0.0463315139 0.0338293594 0.0264751508 0.0404481471 0.0375064637 0.0433898305 0.0301522551 0.0397127262 0.0728066648 0.0786900316 0.0036771043 0.0279459925 0.0603045102 0.1235507038 0.122815283 0.0455960931 0.225038782 0.3905084746 0.0845733984 0.0654524562 0.0316230968 0.0088250503 0.0455960931 0.0213272048 0.1456133295 0.0279459925 0.0220626257 0.0691295605 0.0772191899 0.0007354209 0.010295892 0.1845906349 0.010295892 0.0007354209
0.4552255099 0.0625107728 0.0691295605 0.0433898305 0 0.0566274059 0.1132548118 0.3647687446 0.2934329216 0.6118701523 0.1066360241 0.4177190463 0.6890893421 0.0448606722 0.2169491525 0.1264923872 0.0375064637 0.0007354209 0 0.1081068658 0.0433898305 0.0448606722 0.0058833668 0.0382418845 0.0242688883 0.0213272048 0.0220626257 0 0.0433898305 0.0279459925 0.0419189888 0.0220626257 0.0007354209 0.0022062626 0.0044125251 0.1662051135 0.3515311692 0.0272105717 0.1309049124 0.0007354209 0.0029416834 0.005147946 0 0.0147084171 0.1441424878 0.0029416834 0 0.0610399311 0.0007354209 0.005147946 0.0044125251 0.0220626257 0.0139729963
0.0831025567 0.0198563631 0.066187877 0.0242688883 0.0014708417 0.0448606722 0.0463315139 0.2537201953 0.2890203964 0.475081873 0.0654524562 0.5170008618 0.1286986498 0.0198563631 0.0132375754 0.0029416834 0.0007354209 0.0022062626 0.0029416834 0.0007354209 0.0022062626 0.0227980465 0.0735420856 0 0.0220626257 0.0250043091 0 0.0220626257 0.0029416834 0.0198563631 0.0183855214 0.0014708417 0.0639816145 0.0500086182 0.0080896294 0.0014708417 0.0022062626 0.0007354209 0.1765010055 0.0029416834 0.0485377765 0.0022062626 0 0.0235334674 0 0 0 0.0014708417 0.0014708417 0 0.0066187877 0.020591784 0.0007354209
0.0176501005 0.0036771043 0.0073542086 0.0014708417 0.0323585177 0.1382591209 0.1272278081 0.168411376 0.4059523126 0.3404998564 0.5956908934 0 0.1110485493 0 0.0022062626 0.0022062626 0.0088250503 0.0080896294 0 0.0088250503 0.0227980465 0.0389773054 0.0625107728 0.0463315139 0.0029416834 0.0036771043 0.0014708417 0.0683941396 0.0014708417 0.0397127262 0.0220626257 0 0.0272105717 0.0125021546 0.0014708417 0.0073542086 0.0294168342 0.0514794599 0.0441252514 0.0176501005 0.0058833668 0.0058833668 0 0.0014708417 0.0014708417 0.0014708417 0 0.015443838 0 0 0.010295892 0.0757483482 0.0014708417
0.0250043091 0.0029416834 0.0132375754 0.0073542086 0.020591784 0.1000172364 0.0367710428 0.3132892847 0.4147773628 0.0080896294 0.1081068658 0 0 0.0176501005 0.1264923872 0.0316230968 0.0029416834 0.0301522551 0.0220626257 0.0022062626 0.0029416834 0.0095604711 0.0058833668 0.0139729963 0.0485377765 0.0514794599 0.0139729963 0.0235334674 0.0007354209 0.0353002011 0.127963229 0.0014708417 0.0014708417 0.0007354209 0.0036771043 0.1573800632 0.0007354209 0.0191209423 0.107371445 0.0022062626 0.0007354209 0.0022062626 0 0.0014708417 0.0044125251 0 0.0007354209 0.0242688883 0.0007354209 0 0.0147084171 0.0889859236 0.1529675381
0.0389773054 0.0272105717 0.0036771043 0.0139729963 0.0036771043 0.0617753519 0.1912094226 0.1066360241 0.1338465958 0.316966389 0.0875150819 0.0330939385 0.010295892 0.0750129273 0.0831025567 0.1323757541 0.0014708417 0 0.005147946 0.0095604711 0.0007354209 0.0080896294 0.0227980465 0.0264751508 0.0014708417 0.0066187877 0.0132375754 0.1029589199 0.0316230968 0.1081068658 0.0845733984 0.0595690893 0.0492731974 0.0036771043 0.0264751508 0.1220798621 0.0470669348 0.0294168342 0.0058833668 0.0169146797 0.0029416834 0.0080896294 0.0117667337 0.0022062626 0.0007354209 0.0022062626 0.0044125251 0.0014708417 0 0.0014708417 0.0007354209 0.0044125251 0.0463315139
0.0147084171 0.0022062626 0.020591784 0.015443838 0.0294168342 0.0264751508 0.2485722494 0.1257569664 0.2390117782 0.398598104 0.0404481471 0.0183855214 0.0007354209 0.0029416834 0.0007354209 0.0382418845 0.0007354209 0 0.0014708417 0.0301522551 0.0014708417 0.0007354209 0.0132375754 0.0389773054 0.0007354209 0.0058833668 0.0066187877 0.1081068658 0.0125021546 0.0014708417 0.0147084171 0.0213272048 0.0294168342 0.0058833668 0.0897213444 0 0.015443838 0.0426544097 0.005147946 0.0176501005 0.0110313128 0 0 0 0 0.0044125251 0.0036771043 0.0191209423 0.0022062626 0.0080896294 0.0419189888 0.0110313128 0.0375064637
0.0044125251 0.0044125251 0.0147084171 0.0161792588 0.0426544097 0.02573973 0.1919448434 0.1235507038 0.4471358805 0.3860959494 0.0279459925 0.0161792588 0.2206262568 0.0183855214 0.010295892 0.0926630279 0.0014708417 0.0095604711 0.0022062626 0.0014708417 0.0095604711 0.0286814134 0.0007354209 0.0007354209 0.0558919851 0.0080896294 0.0022062626 0.0014708417 0.005147946 0.0169146797 0.0286814134 0.0536857225 0.010295892 0.0161792588 0.0426544097 0.0029416834 0.0227980465 0.0036771043 0.0117667337 0.0029416834 0.005147946 0.015443838 0.0110313128 0.0161792588 0.0007354209 0.0007354209 0.0095604711 0.0029416834 0.0169146797 0.0360356219 0 0.010295892 0.0125021546
0.0529503016 0.005147946 0.0014708417 0.0198563631 0.0139729963 0.0088250503 0.1919448434 0.1257569664 0.2971100259 0.469933927 0.0639816145 0.0044125251 0.0007354209 0.0242688883 0.0088250503 0 0.0220626257 0 0.0007354209 0.0411835679 0.0014708417 0.0029416834 0.010295892 0 0.0022062626 0 0.0014708417 0.1007526573 0.0139729963 0.0419189888 0.0176501005 0.0080896294 0.0110313128 0.0794254525 0.0169146797 0.0110313128 0.0022062626 0.005147946 0.015443838 0.0080896294 0.0022062626 0 0.0022062626 0.0169146797 0 0 0.0066187877 0.0080896294 0.0330939385 0.0044125251 0.0014708417 0.0455960931 0.0286814134
0.020591784 0.0419189888 0.0191209423 0.0073542086 0.0294168342 0.0448606722 0.1309049124 0.0397127262 0.18900316 0.3140247055 0.1559092215 0.0036771043 0.0603045102 0.0036771043 0.0044125251 0.0485377765 0.1426716461 0.0014708417 0.0007354209 0.0066187877 0.0022062626 0.0220626257 0.0176501005 0.0022062626 0.0022062626 0.0022062626 0.005147946 0.1331111749 0.0036771043 0.0169146797 0.076483769 0.0220626257 0.0316230968 0.0441252514 0.0139729963 0.0191209423 0.0110313128 0.0058833668 0.0161792588 0 0.0073542086 0.0316230968 0.0235334674 0.0345647802 0.0213272048 0 0 0.1845906349 0.0036771043 0.0147084171 0.020591784 0 0.0044125251
0.0338293594 0.0419189888 0.0360356219 0.0191209423 0.0360356219 0.0433898305 0.3544728526 0.0029416834 0.1448779086 0.0889859236 0.0286814134 0.1132548118 0.0014708417 0.0507440391 0.0831025567 0.102223499 0.030887676 0.0007354209 0.0088250503 0.0029416834 0.0044125251 0.0235334674 0.0669232979 0.1301694915 0.2118012065 0.0786900316 0.0132375754 0.0478023556 0.0610399311 0.0073542086 0.0897213444 0.0382418845 0.0125021546 0.0014708417 0.0029416834 0.0080896294 0.0110313128 0.0029416834 0.0058833668 0.0044125251 0.0014708417 0.0095604711 0.0147084171 0.0220626257 0.0345647802 0.0301522551 0 0.0088250503 0.0022062626 0.0014708417 0 0.0007354209 0
0.0426544097 0.0073542086 0.0235334674 0.0279459925 0.1603217466 0.1184027578 0.0823671359 0.2140074691 0.0125021546 0.0654524562 0.0014708417 0.0029416834 0.0014708417 0.020591784 0.0316230968 0.0169146797 0 0.030887676 0.0272105717 0.0110313128 0.0058833668 0.0117667337 0.0176501005 0.1301694915 0.081631715 0.0411835679 0.010295892 0.0948692904 0.0455960931 0.0448606722 0.1816489515 0 0.0036771043 0.0022062626 0.0022062626 0.0095604711 0.0058833668 0.0117667337 0.0338293594 0.0411835679 0.0522148808 0 0.0014708417 0.0058833668 0.0066187877 0.0301522551 0.0110313128 0.0831025567 0.005147946 0.0095604711 0.0191209423 0.0301522551 0.0382418845
0.0345647802 0.010295892 0.0117667337 0.0073542086 0.2404826199 0.2007698937 0.0022062626 0.0786900316 0.5037632864 0.0220626257 0.1309049124 0.0544211433 0.1794426889 0.0095604711 0.0014708417 0 0.0007354209 0 0.0036771043 0.0382418845 0.1323757541 0.102223499 0.0007354209 0.0066187877 0.0323585177 0 0.0603045102 0.0389773054 0.0058833668 0.0683941396 0.0397127262 0.0411835679 0.0250043091 0.0014708417 0.0080896294 0.010295892 0.0029416834 0.0294168342 0.0382418845 0.0544211433 0.0419189888 0.0941338696 0.076483769 0.0735420856 0.0720712439 0.0036771043 0.1426716461 0.0147084171 0.030887676 0.0080896294 0 0.0014708417 0.005147946
0.0382418845 0.0492731974 0.0183855214 0.0110313128 0.1286986498 0.1110485493 0.0058833668 0.0801608733 0.2529847745 0.2824016087 0.4419879345 0.1051651824 0.2456305659 0.18900316 0.0286814134 0.0036771043 0.005147946 0.0603045102 0.0073542086 0.010295892 0.0242688883 0.1382591209 0.0551565642 0.0338293594 0.0566274059 0.0007354209 0.0441252514 0.0551565642 0.0933984487 0.0544211433 0.0654524562 0.0698649813 0 0 0.0029416834 0.0147084171 0.0132375754 0.0073542086 0.0029416834 0.0360356219 0.0463315139 0.0125021546 0.0095604711 0.0044125251 0.0353002011 0.0139729963 0.0014708417 0.0073542086 0.1161964953 0.010295892 0.0058833668 0.0301522551 0.0242688883
0.076483769 0.0294168342 0.0551565642 0.0389773054 0.3419706981 0.0250043091 0.0080896294 0.0779546107 0.0220626257 0.0566274059 0.1353174375 0.0301522551 0.015443838 0.0353002011 0.0117667337 0.0044125251 0.0007354209 0.0073542086 0.0066187877 0.0580982476 0.005147946 0.0117667337 0.0044125251 0 0.0478023556 0.0691295605 0.0632461936 0.0095604711 0.1029589199 0.0294168342 0.0404481471 0.0250043091 0.0147084171 0.0095604711 0.0007354209 0.0022062626 0.0014708417 0.0044125251 0.010295892 0.0220626257 0.0014708417 0.0272105717 0.0088250503 0.0161792588 0.1301694915 0.0345647802 0.0007354209 0.0080896294 0.0125021546 0.0029416834 0.0029416834 0.0198563631 0.0132375754
