data/patches/PatchStreamsBAK.asc
NCOLS 129
NROWS 129
XLLCORNER -27000
YLLCORNER 2099760
CELLSIZE 2195.348837
NODATA_VALUE NaN
[rows 48 to 71 of 129, columns 0 to 54 of 129]
145.4789779914 44.6436023273 23.936507294 235.8722995194 3179.2104427017 301.5502555022 2.097391011 516.0540349102 7.0252668859 297.0921123198 2333.3721089468 202.6447558816 197.5916755207 140.0097006493 100.1385479383 119.5875537566 601.9650358378 103.6727683616 118.5936891812 173.4487966945 250.389975546 194.4969660174 156.6947095033 59.5368918121 912.134540855 270.2620861793 9212.7015094021 0 304.6950467999 399.9782511173 156.3208230036 1730.7283784467 988.9876448267 0 21.2484965005 275.3117126233 220.8788464457 322.8229294207 0 219.0707209714 0 90.0090732777 336.5021671304 660.8525912809 661.0278775613 3526.1892031369 5578.32785901 3303.1749725947 48.5940197318 145.9728881019 46.1218787419 29.7105927987 5.8302116536 134.039605363 37.6735981111
131.8403238047 0 1.2598161734 1411.7841976558 52.1299671136 1486.9526536807 180.3549034489 293.6002023779 27.85238553 319.7204486044 835.9307732524 1479.2486921326 203.7664153807 140.0097006493 0 187.6772071844 346.1187351379 236.9663276836 118.5936891812 58.6112420946 45.5865216291 206.6530263935 121.0736014841 0 1034.3738392782 21.3728375074 9194.9043393203 0 174.7673294544 441.3553115777 54.3059347331 826.499853276 3006.2400134919 563.2880748798 365.3760485707 119.3017421368 389.2642010288 934.4874272704 305.8322489249 145.1353132642 45.8939202294 306.2475824268 110.9950720971 3.468596003 2748.5648638165 3295.8138122945 133.6130466313 55.7306754364 33.6420136605 359.3178784046 18.9913618349 86.4308154145 0 245.7392764989 81.270663631
0 115.8322826545 1005.246094949 15.5814824184 0 1469.3998482165 0 386.9492132558 127.3148292436 70.4167299098 2297.6404755882 0 0 0 0 0 407.0656885066 0 0 110.7101239565 97.2484830087 0 95.2469381904 958.3928493128 225.7540500885 0 9110.1063630998 2.3218956067 9.2875824268 468.9400185513 0 0 1999.2997723248 578.5120769036 195.1074458217 21.9254642044 0 577.6831368581 1.7692689097 0 32.1257441606 0 355.9710329707 355.9710329707 2815.3843393203 45.4051909942 0 0 288.8484762628 59.270076735 25.4268724176 22.4729100261 184.1196728223 0 55.5130786744
4.4909553925 314.6509621385 556.0296686061 54.5166236614 897.8146015684 1067.3656530905 45.0287140568 342.1683177334 38.6009747871 90.1334142845 1805.3623408382 2133.4455856312 1193.1391719369 854.2011299435 12.6983253225 0 359.621823088 0 0 9.7685403491 113.4611687326 658.0747786491 839.6126486213 72.8672839194 0 0 9390.8795817523 0 0 441.3553115777 0 0 2058.102706805 455.2840947803 155.1706686904 279.2051403997 339.8136099165 458.7483733873 7.0891643478 0 0 371.4480344042 247.6320229362 2489.7602833291 2198.9629344801 0 42.6334227169 81.9873513787 257.6216139641 0 0 41.7354043343 0 44.4104629395 107.3252854372
273.3749287461 101.3059718357 255.9490547264 51.0523450544 1305.9121477359 0 0 259.3969272283 66.6873631841 0 248.4402394806 1234.8434910195 0 827.1258757062 427.8237288136 61.8285656463 258.0006813391 35.6703263344 179.4128476263 579.6415077157 863.8410118897 340.5786525002 146.1455839447 0 0 3591.1107513281 6472.9052770048 18.3929707395 0 441.3553115777 1411.2704275234 2175.7085757652 294.0146724007 103.9007268741 80.9149101948 100.2274862973 798.6086111814 175.1861168733 31.9012395649 0 0 495.2640458723 0 2418.624275234 359.8687781432 0 3.2794940551 52.8673783624 70.260440172 0 110.1505894258 0 0 11.5188127161 0
103.8592798718 55.9888557214 199.960199005 0 1737.8382662956 0 5.9908187874 62.3691036344 127.312238806 45.1634168142 770.6655603339 55.5510717598 58.4748123788 798.7459043764 93.3438300025 42.8043916013 98.6145071254 372.6266835315 441.6316249262 0 31.2795345307 0 0 1907.1751749726 10080.7830677123 8768.1685943166 0 0 468.9400185513 1131.5601517835 1275.0462197487 0 0 0 87.8797335357 0 227.8695741631 9.078620457 3.0256311662 146.727568935 15.4770014335 495.2640458723 2134.0802428535 1351.5841538072 304.5802040644 0 12.518721646 131.4465772831 0 62.7947988869 110.1505894258 226.098578295 199.4973741462 37.4361413273 0
0 265.6347010709 0 226.8135390842 1037.2155493718 0 49.0732506957 133.5301526267 0 144.5809596087 722.9047980437 0 0 212.3925727296 679.0046513197 0 92.8136537651 441.6316249262 0 0 0 0 8039.1382747281 8934.6594755038 0 0 344.8088371701 565.4864929589 41.3770604604 1380.4096804115 480.9380622312 98.1931292689 35.5615279535 0 25.4294628552 0 23.3182561767 0 0 129.4959777384 413.0910464626 855.2657998145 4390.3402040644 0 201.049046294 70.5894257526 200.2995463361 160.8886280462 390.8262349271 89.7068555527 602.4105911122 668.8138696349 489.5858065604 364.034201872 8404.1948359895
0 70.8001146808 0 363.8252399022 832.3162492622 12.6413356944 36.8049380218 0 333.3133383928 743.5592208449 0 0 161.5949540433 413.129039548 524.4928172696 0 26.1038401214 441.6316249262 20.1156117717 17.6011603002 25.1894156337 4806.9792866178 4823.4829648368 0 0 33.9295522388 27.5847069736 19.7391348343 48.6898659246 1438.0780032043 346.5850139135 0 0 54.1271945358 152.4835213762 362.1483632684 222.8812547432 358.7393473311 0 862.2271692386 1906.0094780336 1286.5563976727 1304.9269179526 62.5582055823 67.3703752424 0 100.1497731681 0 42.7551732861 385.2213913483 128.4718913905 24.315574669 19596.3412766675 32966.5190521966 25037.8715777047
0 106.0214318239 22.012675605 45.565798128 0 710.6140349102 84.9836242516 11.232137617 0 417.8142777637 107.1318660933 164.7026157349 58.4428636479 6.9648233409 112.4413997808 76.9826258538 8.5691677207 74.2514410996 0 7808.5668741041 2431.7647019142 532.2727649886 0 0 29.2166826883 159.4725221351 961.4754701071 1148.3910886247 252.5417657475 130.324917784 0 0 9.4861826461 34.7826697023 554.024669871 124.828009107 232.9675554431 83.2929319504 105.021522894 773.2534075386 58.3858740197 6.4501897293 79.2207639767 108.5617876718 7.3775664053 0 2379.7305809933 12519.781135003 21317.4651758158 14550.0159136521 37585.159706552 26805.4031672148 0 148.0305590691 0
0 0 0 0 48.764125137 177.3240914074 474.1666582343 0 86.4031840796 350.2073092166 149.7229783287 249.7104174045 0 121.8844084661 0 0 0 0 8448.6674694325 1408.9183101442 0 413.9199865081 0 0 86.7200809512 631.9778463614 136.257883464 32.9684998735 13.0324917784 0 97.7432565984 181.7243814824 187.7341968125 593.9251808753 556.7394485201 123.0026140484 0 0 385.7032127498 79.798431571 0 5927.8193439582 16098.6175293026 12417.583189139 11370.9850746269 11628.2388464457 9912.6455316637 10827.918819462 12519.781135003 0 16594.4471540602 1080.7357652416 0 143.6440846614 91.5633358631
0 180.2296989628 212.9987351379 21.8460241167 53.1972274222 4.6627877561 291.4967670124 16.9172847626 30.869381904 0 58.4428636479 32.9037389325 0 0 71.6204199342 715.5272316384 3154.2291255586 8066.8360974787 1904.7557062147 0 55.0822025466 308.7352660427 0 0 120.9596222278 342.0103010372 91.3284695168 0 0 97.2225786323 19.8513871321 87.3702807994 191.1224892487 0 96.2865671642 0 0 0 316.4064153807 43.8820136605 0 9780.901917531 7874.6515287967 0 0 562.2881659499 122.4629395396 63.206678472 0 26.21522894 24246.2787351379 7765.4844421958 0 1.8141698288 0
352.1389122186 85.2193540771 0 0 0 0 129.3379610422 135.338278101 0 0 95.0552458049 73.1194198499 0 2.0663057593 76.4533130955 2721.662305422 0 4513.8427725778 0 0 131.3498676111 210.8478084155 78.088742727 0 18.8169390336 136.4228079939 259.9348747786 245.8843410068 0 0 38.2244978497 131.0554211991 60.0670680496 0 0 85.0639278185 164.5359642466 213.0021890547 152.8384113332 0 11855.6386879164 3298.2496871574 136.0696449954 0 0 379.0794636985 47.405008854 11185.6582578632 19320.6824454001 23040.1796036765 1032.2963082891 0 57.7356741715 0 0
10.6207943334 0 45.0218062231 13.7958074037 58.3530618096 0 78.3866430559 12.687963572 0 68.9574500379 121.1452702589 0 0 2.0663057593 475.3254473396 1934.7762880513 41.1568732608 4263.4622953031 220.4781920904 23.835480226 0 0 18.471547348 0 150.5355122692 0 0 0 6.3586609326 0 0 0 2.8408466144 0 35.1988666835 32.2656277932 0 0 0 17487.0670646766 5038.6464423644 0 2.561079349 0 47.8635163167 387.2186187706 39.1674171515 11699.9153925289 4528.2974146218 75.5993321528 0 158.7731039717 122.6883076145 0 47.7806223122
0 62.1661860191 604.5304325828 393.9408044523 196.0995834387 0 0 0 7.6581971498 271.8094409309 377.4733923602 2303.9093346825 2243.2801416646 2307.113706046 2257.0414098997 67.3764195969 0 4317.6767012396 0 59.588700565 0 0 0 28.2254085505 28.2254085505 80.4693549203 382.2294358715 372.1707665065 253.4777772156 184.1205363015 200.2373758327 119.459758833 53.9760856733 40.899556455 0 68.7571228603 157.7369289147 3358.9358698035 12448.4206223122 16894.2851302808 889.1729015937 0 0 71.4105944852 302.5838401214 167.4458891981 5420.4475925457 21051.6802293617 0 2.3624791298 137.1222261573 115.471348343 0 0 277.7674475082
2734.8010051438 328.6833628468 0 23.4935424572 93.9741698288 251.2525912809 0 0 38.2909857492 394.5020659415 193.0912218568 1020.8552087023 0 22.0860713382 92.1703617506 61.4469078337 0 3569.2569558985 1402.3653663884 511.1227051185 0 1174.0960013492 744.8458048739 665.4281676364 499.6367046125 0 0 53.0314394131 151.0613711105 90.7896584872 11.3487073109 0 0 6.8258031875 0 0 11274.4049245299 4195.1274137786 0 203.0350484864 0 0 66.5068960283 0 11479.0512252298 11984.3903465722 0 137.455529134 0 13.7051420862 70.5980605447 513.7235045113 807.0301239565 2470.0133771819 0
1479.738284847 1696.9611603002 0 821.0124428704 2701.7159355764 1102.144868876 344.4202715237 0 0 29.0163555106 33.3130280799 935.8681305338 0 0 0 74.6141023695 0 2836.79862383 3.3243949743 183.7380150097 147.917443292 19.4628214858 69.3132034742 0 0 492.6960586896 469.88639177 357.3655519015 139.9673901678 181.5793169744 7.6288388566 43.2300868539 15.8189392023 121.5606037609 3146.3455603339 18091.4869719201 9963.4276077241 0 0 222.069584282 0 1663.0393793743 4548.7566911207 11418.9996998061 4099.6611518678 0 0 40.4280968041 0 0 11.0309469601 0 14.1135677544 1604.9686752677 27.8834707817
687.8095488658 4012.8581769121 3139.3781465554 2831.3664760941 33.8328425668 1515.4491947044 3607.642060882 1673.2914680833 0 0 715.5514090564 344.5247525086 140.7298423139 1.1760586896 0 0 58.1527346319 2707.1688068134 0 9.1701492537 0 0 0 73.9656294797 17.4768192934 584.4579947719 0 0 0 0 0 106.7553891559 155.1067712286 451.8793962391 10083.4684880681 5768.3001939455 0 64.8369272283 54.5995176659 50.7587621216 239.2139640779 3419.1264153807 18147.6709739438 6805.0347853951 1403.4300362594 0 0 11.6984163926 0 25.8957416308 0 0 1003.9025212918 488.0246361413 203.9054355342
141.4741613964 548.6892318071 0 0 24.605703685 0 833.9093684122 1920.9355797285 0 0 1139.5818736824 980.5704494477 668.3018264609 166.9623408382 11.0430356691 0 69.2294459904 3065.3693431149 0 0 0 0 0 118.3450071676 795.9395969306 637.8641841639 0 0 191.4540652669 196.7722337465 116.0939168564 8.9041976558 0 0 8333.8506383338 0 57.1131056581 1577.5877493887 2385.1290530399 8.388700565 1889.2502099671 9994.3695218821 0 0 4319.4183388144 381.5749186272 459.3579897125 381.9600303567 148.2352036428 25.8957416308 0 637.7502049077 840.3431520364 137.7145728982 0
0 444.6330786744 768.0025904376 406.599409731 114.3505523231 0 0 2470.8354093937 262.0711223543 255.1745138713 6.896608483 0 481.5347263682 53.5322573573 43.799119656 0 78.3831891391 3207.5144278607 0 121.4552592967 157.78614723 302.6486010625 517.3777485454 866.3675520702 759.8219883633 1619.2532119066 0 0 0 156.6584433763 488.9925963403 0 2941.3590488237 10294.7566708829 5637.6048435787 143.5085184248 2755.7239699806 4213.2777468589 2096.6553267561 4044.8319487309 8467.278036934 0 0 226.9154296315 4343.7710430896 394.4485302302 59.1310565815 0 128.6696281305 33.3587924783 246.7175984484 638.0627843832 144.3935846193 124.803831689 39740.8692402395
0 0 0 347.1644084661 44.6228788262 0 1356.8833257442 574.0660224302 0 0 75.8626933131 10.0595328443 366.0651049836 3.8822025466 0 862.2150805296 3527.2435112573 92.3024740703 0 158.5658689603 162.9704764314 79.2829344801 216.6797470276 153.9376203727 620.8596880007 2210.3582696686 2524.6154852854 2583.0997959356 3107.289532001 6494.7599359137 6603.3674879838 7198.2692638502 6888.6964229699 3.3123062653 31.1975040054 224.6220288389 2756.9181617337 26.7954869719 33.9450948647 4183.1673631841 350.6131444473 0 154.3952643562 49.9514090564 3578.5341765748 77.5490682182 0 0 0 267.8080782528 717.7239227591 167.352633443 5.3984720465 0 64874.9496719791
76968.2808735981 27.2168648284 96.056018214 96.056018214 16.1902352644 6.8283936251 717.1402108104 663.7348848975 29.4688186188 0 165.5324192596 146.6947567249 0 0 255.4041993423 2335.2907597605 24.7257272957 0 0 48.151054895 160.5035163167 0 447.9859684628 83.8999578379 1.4635972679 85.7840694831 0 3682.1102352644 818.2467189476 0 0 1732.2411940299 8.4094240661 336.3769626444 311.1486904461 1790.0286769542 1694.6168142339 68.3322910869 10.9342372881 4708.7127616157 80.1032397335 10.7071422548 0 1205.6509857492 2121.6599578379 5.5392191584 62.907914664 105.1216864828 96.4333586306 7.5744396661 202.2466919639 174.8372712708 0 105.8409646682 54177.4472990977
76420.6943047474 489.0487224892 0 2.9107884307 0 0 475.5577232482 1119.8151075133 1385.0344750822 569.0949725947 179.040688085 24.6747820221 0 130.4043578717 51.0808398685 1441.1640779155 2378.3939151699 50.6896837845 0 0 59.673321528 143.6104089721 117.2242111477 16.0451707564 0 162.7571970655 3212.4613002783 102.2808398685 99.7119892065 991.4312910026 1431.4810220086 322.7590319588 274.6874171515 0 570.8297023358 1200.7990960452 542.2960317059 770.8520718442 5781.3905388313 256.9506906147 42.5548461084 1159.1474491947 1259.3973859516 537.4104663125 694.0101931023 1547.026629564 0 32.6239716671 21.0947972004 5.0496264441 0 48.3116620288 0 0 67590.3379374315
76161.1851252214 480.8309908087 1079.8584703601 428.9229378531 136.475480226 32.0834336791 366.48648284 0 0 635.7417522557 0 0 0 60.706042668 407.7348848975 897.0167467746 102.0114343537 751.637932372 0 0 0 0 0 0 0 122.1408617927 2828.8019428282 385.7386153976 32.3390235264 987.1605228097 10.5033611603 0 38.7270427523 0 1148.876363943 1534.4371026225 0 2055.6055249178 2055.6055249178 86.9419951092 143.9039919049 817.8063445484 91.6185985328 0 0 2008.7704123451 27.4586390083 0 32.1818703095 67.5819276499 0 0 0 4810.4444287039 55884.4274087191
73704.9295623577 142.4170806982 87.0473395733 799.3563841808 331.4404519774 0 248.5878944262 205.7619158445 0 535.6351530483 577.7383995278 332.9731275824 0 24.6618298339 1345.5251201619 0 412.3372291087 389.3876785564 0 0 0 1275.7905388313 1403.3695927144 1573.4749978919 1148.2114849481 2503.887666751 743.9244725525 881.6882637659 701.7409225061 353.9833038199 0 0 0 759.6924664812 622.5434724682 1163.7014385699 0 2700.282560081 1310.3020760604 68.1768648284 191.5948123788 455.4801045619 128.1783084577 10.6864187537 63.7040424994 2154.0836023273 0 64.0114410996 289.9027843832 39.0266700396 0 0 10648.0975461675 10411.4731562526 11244.5233628468
