NDVI Matrices/GreenMatrix7.asc
ncols        129
nrows        129
xllcorner    0.000000000000
yllcorner    -129.000000000000
cellsize     1.000000000000
NODATA_value 0
[rows 42 to 83 of 129, columns 0 to 94 of 129]
94 90 70 92 98 102 100 96 97 91 57 28 31 75 49 14 17 17 15 15 15 13 11 8 14 15 15 13 14 13 31 101 98 84 103 108 106 106 94 100 103 101 92 67 91 71 5 5 8 5 6 5 3 5 0 0 0 0 0 0 0 0 0 0 0 0 0 0 0 0 0 0 0 0 0 0 5 7 7 11 10 6 6 4 5 7 8 8 6 6 5 6 6 11 13
99 99 93 94 97 98 91 90 95 88 57 30 31 61 51 19 19 16 15 15 15 12 12 13 13 15 14 15 13 13 37 86 103 109 107 105 78 49 28 25 19 18 20 13 20 40 39 41 9 6 3 3 4 3 0 0 0 0 0 0 0 0 0 0 0 0 4 5 4 4 4 5 4 5 5 5 5 5 4 6 5 6 5 5 5 6 7 7 5 6 10 5 5 6 5
101 97 96 88 90 91 92 89 93 95 74 67 52 62 58 37 28 18 14 15 15 18 21 21 20 13 9 13 15 26 44 85 98 106 107 98 91 63 29 25 25 17 23 20 25 42 66 76 70 55 27 18 13 4 1 3 0 1 1 3 0 0 0 0 1 2 4 9 8 2 5 10 7 6 4 3 3 2 3 4 5 5 7 23 18 8 34 53 33 37 84 59 26 55 33
101 98 98 96 93 92 89 88 87 92 85 76 66 65 71 53 46 42 28 12 28 28 24 26 19 13 16 19 23 33 51 88 103 105 104 97 82 68 40 33 25 24 27 36 29 43 69 65 75 63 33 18 14 9 6 2 2 2 5 4 1 3 2 1 3 6 12 11 11 7 12 16 11 15 6 7 6 8 8 5 11 11 15 14 13 12 17 32 34 43 61 66 60 54 39
100 100 97 98 99 98 97 92 93 96 91 87 77 76 82 74 73 63 56 44 46 39 44 41 49 39 34 36 36 43 58 89 102 106 108 107 93 74 64 50 36 26 33 44 51 66 74 71 79 72 54 22 21 13 9 4 5 6 3 5 7 4 5 6 12 29 32 34 31 32 40 37 23 22 19 15 22 23 21 24 40 48 55 74 74 84 91 91 82 80 80 88 85 84 78
97 105 100 96 98 96 96 96 95 96 96 89 89 90 91 87 84 75 75 73 71 63 60 60 54 56 56 66 68 63 70 90 103 106 109 105 102 89 93 85 75 70 69 78 79 82 84 83 87 83 76 74 58 57 33 10 8 8 6 6 5 6 21 35 52 68 76 67 66 72 77 76 70 57 36 24 25 40 33 38 66 93 96 94 94 98 103 103 98 95 98 94 94 100 103
101 104 95 96 99 104 99 101 101 102 105 102 98 93 97 93 95 90 88 84 91 99 99 85 86 92 90 95 96 96 89 97 106 110 110 104 101 97 99 103 103 105 105 101 99 92 96 87 89 89 86 85 83 91 76 29 10 6 4 5 3 5 7 37 60 82 93 87 77 93 72 78 85 64 52 30 22 40 89 83 84 104 104 104 102 98 99 103 99 92 97 96 92 94 99
93 96 94 97 96 98 100 99 102 105 108 107 103 104 103 104 103 101 95 94 100 103 100 104 101 97 103 106 111 111 111 109 112 114 112 102 101 99 101 107 109 110 113 107 103 103 102 92 94 88 86 81 68 62 67 16 10 5 2 1 4 10 17 54 69 74 95 76 65 88 82 81 77 65 55 40 89 103 99 110 109 106 104 106 101 98 97 99 102 96 91 86 99 101 97
95 95 96 98 98 98 102 105 108 112 113 111 109 105 107 107 108 108 106 106 108 109 109 109 108 103 104 112 114 116 114 112 115 118 117 106 99 90 105 112 115 112 111 111 99 102 103 103 107 104 105 112 111 109 107 100 85 84 40 6 3 33 36 97 96 88 99 76 77 80 89 88 56 58 73 85 103 108 109 109 111 111 107 105 100 100 103 102 105 99 99 96 89 96 91
91 95 103 103 102 107 108 113 115 118 115 113 103 104 102 110 111 111 112 116 113 114 111 111 108 106 106 113 113 111 116 115 114 117 119 118 113 107 106 110 112 110 114 108 108 113 112 114 114 115 114 108 109 110 113 105 81 95 74 62 5 37 90 105 102 102 97 91 81 77 64 76 78 101 95 107 112 109 110 112 111 110 108 108 101 104 102 103 94 99 99 96 101 98 95
98 106 107 102 104 110 109 117 119 118 116 111 112 109 112 110 113 110 114 114 108 110 111 112 114 113 110 114 113 107 112 107 107 120 120 111 111 116 110 107 107 96 118 117 112 116 117 117 116 117 119 107 102 111 112 112 106 91 85 81 56 32 106 99 105 102 94 93 106 82 100 74 108 111 101 107 115 114 113 111 112 113 104 101 104 108 104 103 102 100 95 95 99 96 97
94 73 117 116 115 118 118 121 121 113 124 120 115 106 111 114 114 105 103 117 119 117 113 107 103 112 109 118 119 122 117 116 114 118 116 117 119 115 87 85 114 113 109 116 118 117 111 110 116 116 108 96 104 114 119 113 108 102 99 101 110 109 106 102 108 96 99 98 100 53 87 107 110 115 112 113 113 103 107 110 114 111 109 103 106 106 101 98 88 96 98 99 100 99 96
127 126 122 124 122 118 120 127 121 126 129 125 119 118 117 116 115 112 113 118 119 122 114 116 117 112 115 117 116 118 116 105 109 104 104 100 111 112 89 101 113 105 113 115 91 111 113 119 115 108 115 116 117 114 111 110 97 107 104 102 113 112 116 95 101 105 106 111 83 70 108 113 106 113 113 111 110 114 110 107 112 109 107 110 107 106 104 103 100 101 100 99 101 96 91
126 126 121 126 117 122 118 122 132 130 124 125 125 120 117 116 115 114 117 118 116 113 123 119 116 116 118 118 117 111 107 104 107 108 112 111 110 111 114 115 114 110 114 116 106 105 102 98 110 121 124 123 120 116 108 101 107 109 110 112 112 111 114 114 106 106 98 101 83 112 120 109 107 101 115 112 111 110 111 106 109 111 110 101 90 100 104 101 100 105 105 102 98 96 95
126 128 125 115 120 125 121 122 125 130 129 125 120 125 125 119 117 120 119 104 108 127 125 122 115 106 107 109 87 97 82 99 113 118 115 116 123 123 117 118 117 119 117 114 101 106 110 110 114 117 113 118 118 108 108 106 109 111 119 124 122 98 111 121 102 112 107 100 75 119 114 114 110 106 113 113 115 110 101 109 115 112 110 109 105 101 105 107 103 107 105 104 96 98 101
122 126 113 119 123 125 126 108 127 129 121 124 124 124 90 98 118 117 119 120 120 122 119 121 111 112 110 113 115 86 96 116 113 113 109 117 122 122 122 119 120 119 120 119 114 116 111 120 126 123 123 120 114 112 116 128 126 121 113 116 123 111 110 122 115 121 115 82 97 108 114 113 114 116 113 113 114 115 109 110 109 113 113 112 115 111 113 109 109 104 106 97 98 101 102
127 123 111 121 125 129 128 123 124 126 124 124 121 123 123 110 116 117 124 124 124 123 122 123 114 113 111 91 93 97 99 111 117 112 114 119 117 123 122 112 119 114 114 118 116 120 120 119 120 119 123 115 114 120 123 124 119 122 117 121 125 115 115 120 124 127 109 97 110 110 114 112 109 114 116 116 116 115 114 111 110 113 114 113 112 111 116 117 111 107 111 106 104 100 102
127 127 125 117 115 128 126 110 111 123 116 123 115 119 122 118 108 117 128 125 123 121 125 123 115 88 58 73 112 117 112 115 117 117 116 113 109 110 112 91 115 117 119 121 121 123 124 119 118 116 117 118 130 128 121 120 121 123 124 127 129 128 129 129 127 115 100 93 108 105 116 121 116 117 115 119 120 116 116 117 112 114 113 113 114 116 118 117 115 113 112 105 108 108 111
123 126 128 119 121 118 120 104 123 125 113 107 112 110 119 130 128 129 118 116 103 112 126 111 76 70 54 77 96 115 118 120 119 115 120 122 116 105 101 91 114 110 125 131 131 132 120 116 115 116 118 125 125 121 126 127 126 127 131 125 124 104 105 126 129 127 115 96 124 117 116 124 124 119 116 120 119 116 115 117 116 113 118 116 117 119 117 117 117 113 110 108 105 109 108
113 126 123 124 124 121 121 118 102 120 123 116 126 130 130 131 119 104 74 98 123 122 118 112 104 101 82 102 116 123 126 123 109 114 99 115 115 113 111 117 116 122 115 124 132 127 120 120 120 122 128 126 129 128 128 132 132 125 126 126 124 120 113 128 128 128 90 115 119 118 111 122 123 121 123 123 122 117 119 118 118 117 120 121 120 116 117 117 116 116 113 111 113 104 104
118 120 108 120 120 123 119 116 124 127 118 129 130 130 127 126 125 122 99 59 116 122 125 120 115 120 125 122 125 126 126 118 115 119 124 120 122 119 115 114 101 112 125 122 126 123 122 118 127 127 124 121 127 133 132 134 128 126 126 128 121 122 123 131 130 127 102 124 122 117 122 124 123 123 123 123 124 120 120 119 120 119 122 120 122 116 117 118 119 118 112 110 113 110 106
103 109 108 120 121 116 109 107 91 126 127 125 117 109 123 125 123 115 125 125 128 122 125 123 128 125 122 102 86 119 122 125 126 127 130 125 123 117 120 116 92 117 122 121 119 114 121 124 125 121 121 125 131 132 135 134 128 130 126 126 120 117 123 110 98 100 121 126 119 120 124 124 125 125 125 126 124 123 120 120 122 123 121 116 119 117 119 118 119 119 117 116 113 111 112
112 108 124 124 126 126 121 115 68 86 123 130 123 104 110 124 128 121 127 119 123 126 128 127 120 124 132 126 121 127 123 132 124 117 119 125 118 123 121 118 115 117 114 113 113 116 125 124 125 124 123 128 126 132 136 134 129 119 119 127 127 133 126 113 98 123 140 131 124 120 123 123 124 125 127 125 125 122 124 125 124 125 122 112 117 117 118 118 118 121 118 111 110 111 111
117 114 129 130 128 129 125 123 107 100 101 113 118 123 123 112 124 126 123 116 112 115 132 132 125 127 137 127 123 126 124 125 123 123 126 121 121 117 124 129 123 117 113 110 120 118 123 121 109 114 127 132 124 133 130 134 128 126 129 129 128 138 139 139 141 115 136 131 124 124 124 119 124 128 124 125 124 123 126 127 127 126 122 114 116 117 117 117 118 119 118 112 112 107 106
105 120 132 135 133 127 130 125 128 130 125 120 112 118 120 128 128 130 124 127 134 132 131 134 121 127 119 112 110 94 119 122 118 124 128 120 114 108 115 117 109 111 114 116 123 118 112 115 118 118 128 132 129 131 130 125 115 111 127 139 141 138 135 120 104 137 121 122 125 131 126 122 125 124 127 125 124 126 128 124 125 123 123 121 117 116 118 123 123 119 118 114 115 116 115
107 123 122 129 137 126 127 128 128 99 106 128 125 126 119 124 126 129 122 124 128 132 129 127 127 124 120 130 131 126 127 124 124 128 129 123 113 112 110 105 105 109 118 115 128 127 103 105 117 117 124 132 135 130 131 124 135 126 121 137 150 149 147 123 130 124 119 118 125 128 125 121 124 125 126 126 125 126 127 124 126 125 120 117 118 119 118 118 119 121 120 118 118 111 115
117 124 123 129 135 131 130 130 133 122 126 128 115 122 125 125 133 130 132 129 118 89 113 134 136 135 123 124 125 125 106 110 129 121 123 117 115 112 119 113 111 114 114 121 122 128 121 121 121 121 127 134 132 132 130 137 142 138 117 117 130 147 126 125 121 127 125 121 124 125 127 124 125 124 129 128 125 125 123 122 126 124 119 119 114 116 114 119 122 120 118 115 119 112 112
113 110 122 130 132 123 133 135 130 129 124 122 126 128 130 130 133 133 137 132 96 90 120 134 133 130 130 129 117 115 124 127 132 127 126 113 97 106 119 113 108 107 122 126 126 125 119 121 113 121 131 128 130 134 137 107 131 138 143 121 144 129 129 125 125 125 124 124 127 129 129 128 127 127 131 126 126 125 121 124 127 120 118 119 119 117 120 122 122 121 119 119 121 117 115
112 115 127 140 138 137 135 132 140 127 122 124 127 133 132 135 131 134 125 126 130 129 132 129 127 120 127 131 127 114 129 136 128 118 100 126 124 115 112 113 114 112 116 122 121 127 121 116 111 121 130 125 126 128 126 127 134 138 141 136 127 124 127 119 123 122 98 120 125 125 128 126 127 129 130 126 125 124 125 126 122 119 115 119 123 125 124 120 120 120 120 119 122 119 117
127 112 128 138 140 142 139 135 136 135 127 131 132 130 124 132 135 133 117 124 131 127 126 133 136 131 128 120 119 130 127 126 121 130 125 131 128 116 112 112 110 132 119 120 121 124 105 96 121 128 138 128 133 132 118 111 139 138 140 135 118 120 127 119 125 120 114 118 125 124 132 130 131 130 128 124 120 123 124 121 120 120 123 124 122 125 121 122 121 122 121 120 121 124 117
119 126 128 133 133 136 135 132 133 133 136 131 132 134 138 137 137 131 131 130 133 134 131 138 134 135 132 133 133 130 118 124 126 133 136 129 126 124 114 111 117 137 132 131 132 127 121 123 130 131 131 138 137 134 128 116 142 139 133 121 120 114 118 129 133 127 127 127 126 128 135 132 131 130 130 129 122 122 121 123 125 126 125 126 120 125 128 126 126 124 123 124 122 124 114
118 126 130 140 139 136 136 125 131 133 134 131 125 132 137 136 136 128 115 119 133 136 129 133 136 131 125 127 133 127 122 117 125 134 134 127 125 124 113 126 132 133 128 133 132 128 118 125 133 137 138 139 133 130 131 131 133 139 130 123 114 126 128 130 132 130 122 125 129 126 137 138 132 130 126 128 123 123 125 124 126 126 125 122 121 124 128 124 125 122 121 117 125 120 112
121 125 128 136 142 138 131 126 129 131 89 117 134 137 134 133 138 137 127 131 130 124 105 135 134 127 126 130 133 125 129 133 132 131 127 122 123 118 126 130 129 137 137 137 137 140 139 141 134 139 142 143 131 138 139 97 125 137 132 127 124 127 130 128 126 126 128 131 128 134 137 139 132 132 129 130 125 122 124 126 129 126 125 127 127 127 129 128 127 125 124 124 125 118 114
122 131 133 137 143 137 130 128 134 133 124 129 134 139 136 129 129 136 131 135 133 132 134 133 138 138 139 133 139 134 129 136 130 123 129 123 128 119 131 136 130 133 130 138 144 144 140 140 138 127 141 142 132 139 143 106 96 138 138 129 121 79 117 128 126 120 125 128 132 128 139 143 136 135 129 129 125 126 127 129 127 125 125 127 127 125 127 130 126 126 126 128 123 121 114
117 126 140 142 140 137 136 139 138 134 136 133 129 136 129 127 136 134 138 132 134 137 137 129 134 140 139 136 138 135 137 132 132 133 135 136 134 124 130 128 131 134 133 136 138 136 147 141 138 147 149 138 128 140 140 122 97 136 134 122 127 123 118 127 125 125 129 129 129 126 136 141 146 141 129 124 123 129 128 126 128 126 126 129 126 128 127 129 126 125 121 125 127 132 118
119 134 139 138 143 142 134 138 133 123 130 137 134 139 136 130 134 135 135 139 138 137 136 138 137 134 137 139 140 136 130 124 130 139 140 139 137 125 133 138 135 133 135 137 135 123 135 139 137 137 140 128 141 139 142 129 99 138 135 118 123 125 116 129 131 129 131 127 129 126 130 135 145 138 130 128 129 124 121 125 126 127 130 128 126 129 128 124 122 125 122 130 127 125 125
124 133 142 147 144 143 142 142 138 138 140 140 134 132 140 139 138 128 127 134 138 135 134 134 142 143 138 140 139 133 133 128 128 138 136 139 134 127 141 137 127 137 137 138 137 137 132 131 134 133 125 134 135 137 139 133 101 137 131 123 118 128 127 129 123 116 111 122 127 133 138 137 142 137 129 127 126 125 124 127 128 130 131 128 126 125 125 127 126 128 127 130 126 123 128
128 132 140 128 133 139 143 146 142 141 139 138 139 138 139 138 140 141 138 140 137 133 139 138 147 145 145 146 145 141 141 133 137 138 138 142 138 128 145 144 139 141 139 139 142 144 137 133 135 132 130 142 136 135 140 128 98 137 139 127 119 128 125 123 121 116 123 128 126 130 145 146 143 134 120 120 123 125 123 128 130 130 131 129 127 128 130 131 129 125 128 129 123 126 124
130 120 117 123 125 135 142 139 141 137 139 142 140 139 140 140 141 143 145 137 140 141 140 142 141 142 144 144 144 144 139 140 138 142 137 142 133 135 143 142 146 143 144 138 139 141 137 139 141 135 134 139 134 134 142 130 103 143 143 129 128 135 131 128 131 129 131 125 134 139 141 150 141 129 130 128 128 128 126 128 128 130 131 128 129 129 129 127 127 127 133 130 128 125 125
138 140 143 135 124 119 130 138 123 123 127 132 139 139 139 139 140 144 144 142 128 135 136 134 135 137 138 144 143 142 146 146 147 142 137 130 134 137 142 140 141 143 140 143 141 146 145 140 131 134 138 141 138 139 137 137 98 130 142 134 126 134 132 132 130 129 127 126 127 134 144 147 149 145 135 130 127 128 128 132 133 131 131 129 130 131 133 132 131 128 130 132 129 127 130
149 149 142 148 142 136 122 121 118 118 119 123 136 140 136 140 142 133 127 130 139 140 141 142 138 136 131 138 140 141 143 142 142 142 137 141 142 140 145 147 147 144 144 145 142 145 142 140 142 144 146 137 139 146 144 141 111 133 144 143 128 127 129 129 124 119 125 132 134 133 145 144 147 141 139 131 127 128 133 134 132 132 132 128 131 134 132 127 130 129 130 132 131 127 132
153 146 144 143 138 137 132 122 129 135 129 117 120 129 142 140 130 132 142 139 139 128 123 125 135 136 139 133 141 141 142 131 126 138 138 142 144 140 142 141 144 147 144 141 138 135 134 138 141 141 143 140 143 142 141 135 131 118 142 143 129 131 127 133 133 129 131 139 137 140 149 145 148 142 140 128 133 132 133 132 132 132 131 132 132 131 130 128 133 138 134 128 123 132 132
