NDVI Matrices/GreenMatrix5.asc
ncols		30
nrows		30
xllcorner    -27000.000000000000
yllcorner    2099760.000000000000
cellsize	10000
NODATA_value	-9999
    0    0    0    0    0    0    0    0    0    0    0    0    0    0    0    0    0    0    0    0    0    0    0    0    0    0    0    0    0    0
    0    0    0    0    0    0    0    0    0    0    0    0    0    0    0    0    0    0    0    0    0    0    0    0    0    0    0    0    0    0
    0    0    0    0    0    0    0    0    0    0    0    0    0    0    0    0    0    0    0    0    0    0    0    0    0    0    0    0    0    0
    0   10  159   27   18   18   15    0    0    0    0    0    0    0    0    0    0    0    0    0    0    0    0    0    0    0    0    0    0    0
    0   10  159   27   18   18   15    0    0    0    0    0    0    0    0    0    0    0    0    0    0    0    0    0    0    0    0    0    0    0
    0    9  158   24   16   16   14    0    0    0    0    0    0    0    0    0    0    0    0    0    0    0    0    0    0    0    0    0    0    0
    0    8  157   19   13   13   13    0    0    0    0    0    0    0    0    0    0    0    0    0    0    0    0    0    0    0    0    0    0    0
  119   46  166   91   62   62   22   12   65   20   35   35    0    0    0    0    0    0    0    0    0    0    0    0    0    0    0    0    0    0
  118   59  185  167  106  106   33   12   66   22   37   37    0    0    0    0    0    0    0    0    0    0    0    0    0    0    0    0    0    0
  104   75  167  175  118  118  100   53   89   71   74   74  182  188    9   51   51  184  174  177   13    0    0    0    0    0    0    0    0    0
   75   94  110  115   99   99  135   97  122  125  135  135  183  186   13   54   54  183  173  174   16    0    0    0    0    0    0    0    0    0
   93  116   92  105   99   99  166  134  147  143  163  163  190  171   56   89   89  177  160  140   67  137  137  122   16   19   84   84   96   13
  147  140  112  145  119  119  186  163  161  123  154  154  206  138  147  162  162  163  133   67  153  139  139  124   18   23   86   86   99   16
  185  152  149  179  150  150  171  165  177  137  166  166  204  140  191  205  205  174  125   78  179  163  163  152  101   80  108  108  129  113
  207  154  201  207  191  191  119  141  194  184  201  201  182  180  183  211  211  213  138  178  137  212  212  210  157  157  155  155  193  185
  222  177  229  213  209  209  126  158  209  213  222  222  189  202  186  218  218  233  163  228  145  234  234  239  198  206  180  180  222  214
  231  222  233  197  203  203  192  215  223  222  228  228  224  209  200  225  225  236  199  229  203  225  225  235  219  222  180  180  214  197
  236  242  234  189  200  200  221  241  228  225  230  230  241  211  207  228  228  237  214  228  230  220  220  232  228  229  179  179  209  187
  235  240  234  189  199  199  216  238  227  224  229  229  238  210  204  228  228  237  210  227  225  220  220  232  226  227  177  177  208  186
  232  236  231  199  205  205  218  234  228  227  231  231  235  215  212  226  226  236  217  230  227  224  224  235  225  226  188  188  215  200
  226  233  226  220  217  217  229  231  233  234  235  235  231  228  231  221  221  233  235  238  235  234  234  241  224  227  213  213  230  228
  224  230  224  230  225  225  230  226  230  231  232  232  224  228  233  223  223  232  240  238  234  236  236  240  228  228  225  225  237  240
  226  229  227  228  229  229  223  219  219  218  221  221  214  213  219  231  231  233  233  231  224  230  230  233  234  229  223  223  238  234
  227  227  227  227  229  229  220  221  218  215  216  216  212  210  213  229  229  228  225  225  216  224  224  222  234  231  227  227  234  228
  228  222  225  227  224  224  224  231  227  222  217  217  219  219  215  219  219  214  216  222  210  218  218  206  226  234  235  235  224  223
  230  221  223  227  224  224  228  231  231  224  218  218  220  223  216  216  216  211  213  219  210  213  213  202  224  231  233  233  219  219
  231  226  221  229  228  228  232  222  229  221  219  219  215  224  218  222  222  218  217  216  214  209  209  210  227  223  220  220  221  218
  231  228  220  230  230  230  234  217  229  220  220  220  212  225  219  224  224  222  219  215  216  208  208  213  228  219  214  214  222  218
  231  228  221  230  229  229  234  218  229  220  220  220  213  225  218  224  224  221  219  215  216  208  208  213  228  220  215  215  222  218
  231  228  221  230  229  229  234  218  229  220  220  220  213  225  218  224  224  221  219  215  216  208  208  213  228  220  216  216  222  218