NDVI Matrices/GreenMatrix16.asc
ncols		30
nrows		30
xllcorner    -27000.000000000000
yllcorner    2099760.000000000000
cellsize	10000
NODATA_value	-9999
    0    0    0    0    0    0    0    0    0    0    0    0    0    0    0    0    0    0    0    0    0    0    0    0    0    0    0    0    0    0
    0    0    0    0    0    0    0    0    0    0    0    0    0    0    0    0    0    0    0    0    0    0    0    0    0    0    0    0    0    0
    0    0    0    0    0    0    0    0    0    0    0    0    0    0    0    0    0    0    0    0    0    0    0    0    0    0    0    0    0    0
    0   28   78   38   42   42   34    0    0    0    0    0    0    0    0    0    0    0    0    0    0    0    0    0    0    0    0    0    0    0
    0   28   78   38   42   42   34    0    0    0    0    0    0    0    0    0    0    0    0    0    0    0    0    0    0    0    0    0    0    0
    0   28   78   38   41   41   34    0    0    0    0    0    0    0    0    0    0    0    0    0    0    0    0    0    0    0    0    0    0    0
    0   28   79   37   40   40   34    0    0    0    0    0    0    0    0    0    0    0    0    0    0    0    0    0    0    0    0    0    0    0
   78   56   82   57   54   54   59   29   54   49   42   42    0    0    0    0    0    0    0    0    0    0    0    0    0    0    0    0    0    0
   77   58   77   69   66   66   59   29   55   49   43   43    0    0    0    0    0    0    0    0    0    0    0    0    0    0    0    0    0    0
   73   62   73   74   72   72   65   73   60   54   58   58   84   96   30   72   72   88   82   74   21    0    0    0    0    0    0    0    0    0
   64   66   68   73   72   72   76   77   71   67   83   83   84   96   30   72   72   87   82   74   22    0    0    0    0    0    0    0    0    0
   62   70   64   73   71   71   84   78   77   73   92   92   87   90   74   75   75   85   80   70   79   66   66   66   33   46   65   65   61   50
   69   73   61   74   69   69   87   76   76   71   82   82   94   79   78   80   80   79   76   55   83   67   67   67   34   47   66   66   62   51
   78   79   65   78   71   71   85   73   79   74   83   83   94   78   83   87   87   82   79   61   85   72   72   73   58   57   68   68   69   60
   87   87   78   84   78   78   77   70   87   83   95   95   86   87   87   95   95   96   89   91   85   83   83   87   81   78   73   73   85   80
  100   93   88   87   81   81   76   74   91   86   99   99   86   91   89   96   96   95   89   96   81   85   85   92   92   89   77   77   88   82
  116   96   96   86   81   81   84   85   92   84   95   95   94   90   89   88   88   82   77   78   75   77   77   85   89   89   78   78   77   66
  124   98  100   85   80   80   87   90   92   84   94   94   98   89   90   85   85   75   72   70   72   73   73   82   88   89   79   79   72   58
  124   98   99   84   79   79   86   89   92   84   94   94   97   89   90   86   86   76   73   71   72   73   73   83   88   89   78   78   73   59
  117   97  100   87   84   84   90   90   92   82   92   92   96   91   86   84   84   76   72   69   74   78   78   82   89   88   81   81   73   62
  103   96  103   94   96   96  101   91   92   79   86   86   95   98   77   78   78   73   69   63   77   86   86   81   90   87   88   88   71   68
   84   82   93   88   90   90   97   90   87   83   87   87   96  100   76   78   78   74   70   66   80   90   90   84   94   88   92   92   77   78
   59   55   71   70   69   69   78   88   76   95   95   95  102   99   82   84   84   77   76   80   82   90   90   91  101   96   94   94   91   92
   54   47   63   63   59   59   66   80   70   89   93   93   95   93   80   80   80   80   78   80   83   92   92   98  101   93   94   94   92   97
   69   60   71   65   61   61   60   66   67   65   81   81   76   84   67   66   66   82   77   66   81   96   96  104   95   80   92   92   78   94
   74   67   67   64   60   60   56   60   64   53   69   69   66   72   63   60   60   79   74   61   78   93   93   96   85   73   87   87   78   91
   71   67   53   59   56   56   53   60   60   53   58   58   63   58   65   59   59   71   71   67   75   82   82   76   71   71   78   78   91   87
   69   67   47   57   53   53   52   60   58   54   52   52   62   51   67   58   58   67   69   70   73   77   77   67   64   70   75   75   96   85
   69   67   48   58   54   54   53   60   58   54   53   53   62   53   67   58   58   68   69   69   73   77   77   68   66   70   76   76   95   86
   69   67   48   58   54   54   53   60   59   54   54   54   62   53   67   59   59   68   70   69   73   78   78   69   66   70   76   76   95   86