NDVI Matrices/GreenMatrix10.asc
ncols		30
nrows		30
xllcorner    -27000.000000000000
yllcorner    2099760.000000000000
cellsize	10000
NODATA_value	-9999
    0    0    0    0    0    0    0    0    0    0    0    0    0    0    0    0    0    0    0    0    0    0    0    0    0    0    0    0    0    0
    0    0    0    0    0    0    0    0    0    0    0    0    0    0    0    0    0    0    0    0    0    0    0    0    0    0    0    0    0    0
    0    0    0    0    0    0    0    0    0    0    0    0    0    0    0    0    0    0    0    0    0    0    0    0    0    0    0    0    0    0
    0   82  219   24   23   23   31    0    0    0    0    0    0    0    0    0    0    0    0    0    0    0    0    0    0    0    0    0    0    0
    0   82  219   24   23   23   31    0    0    0    0    0    0    0    0    0    0    0    0    0    0    0    0    0    0    0    0    0    0    0
    0   79  219   24   22   22   31    0    0    0    0    0    0    0    0    0    0    0    0    0    0    0    0    0    0    0    0    0    0    0
    0   74  220   23   20   20   30    0    0    0    0    0    0    0    0    0    0    0    0    0    0    0    0    0    0    0    0    0    0    0
  194  104  216  153  159  159  120   25  167   47  111  111    0    0    0    0    0    0    0    0    0    0    0    0    0    0    0    0    0    0
  194  169  206  169  183  183  130   27  168   51  113  113    0    0    0    0    0    0    0    0    0    0    0    0    0    0    0    0    0    0
  199  211  201  181  198  198  152  149  173   91  139  139  215  215   61  214  214  209  208  204   13    0    0    0    0    0    0    0    0    0
  207  230  199  191  203  203  185  195  186  178  193  193  215  215   64  213  213  209  208  204   14    0    0    0    0    0    0    0    0    0
  210  231  204  203  205  205  204  218  198  221  222  222  214  214  123  212  212  211  209  207  180  218  218  208   29   55  209  209  211   97
  207  215  215  218  203  203  205  213  209  216  222  222  211  212  190  208  208  214  212  214  204  217  217  208   32   58  209  209  211  100
  206  209  219  220  210  210  209  211  215  215  219  219  211  212  223  206  206  212  213  217  215  215  215  209  117  106  208  208  209  127
  209  213  215  210  225  225  216  213  216  217  213  213  214  213  217  207  207  204  213  216  213  209  209  210  182  178  206  206  206  185
  205  210  209  207  225  225  216  212  215  217  209  209  213  213  215  208  208  202  213  215  211  206  206  208  215  212  209  209  203  216
  195  202  200  214  209  209  210  210  214  216  208  208  209  212  217  211  211  206  213  213  210  206  206  205  210  206  215  215  202  216
  191  198  196  217  202  202  208  210  214  216  207  207  208  212  219  213  213  208  213  213  209  206  206  203  207  202  219  219  202  216
  191  199  197  218  204  204  209  211  215  216  208  208  209  213  220  213  213  209  215  214  210  206  206  203  207  202  218  218  201  216
  190  197  197  210  199  199  205  203  210  213  204  204  203  208  212  210  210  203  209  211  208  203  203  204  208  203  217  217  204  214
  186  192  195  193  188  188  197  186  198  206  196  196  189  198  195  206  206  191  198  205  206  196  196  204  212  206  214  214  210  210
  185  190  192  188  186  186  192  181  189  195  189  189  179  187  185  199  199  186  190  196  198  191  191  200  210  203  206  206  211  202
  187  192  187  194  192  192  190  189  181  179  185  185  175  177  184  191  191  187  186  184  184  187  187  191  203  193  192  192  208  189
  188  192  186  197  193  193  188  195  182  176  181  181  175  173  181  184  184  184  181  180  175  184  184  182  196  191  190  190  200  184
  188  189  189  197  188  188  185  198  190  185  179  179  177  177  178  177  177  177  176  182  171  179  179  175  190  195  200  200  187  186
  188  186  187  195  188  188  186  194  195  188  179  179  179  181  177  177  177  177  175  183  173  178  178  175  188  196  201  201  184  186
  185  182  182  192  194  194  190  182  198  185  182  182  181  187  180  183  183  183  178  183  181  179  179  183  190  194  192  192  190  185
  184  180  179  190  196  196  192  176  199  184  184  184  182  190  181  186  186  186  179  184  185  179  179  186  192  192  188  188  193  185
  184  180  180  190  196  196  191  177  198  184  184  184  182  189  181  185  185  185  179  183  184  179  179  186  191  193  189  189  192  185
  184  180  180  190  196  196  191  177  199  184  183  183  182  189  181  185  185  185  179  183  184  179  179  186  191  193  189  189  192  185