NDVI Matrices/GreenMatrix15.asc
ncols		30
nrows		30
xllcorner    -27000.000000000000
yllcorner    2099760.000000000000
cellsize	10000
NODATA_value	-9999
    0    0    0    0    0    0    0    0    0    0    0    0    0    0    0    0    0    0    0    0    0    0    0    0    0    0    0    0    0    0
    0    0    0    0    0    0    0    0    0    0    0    0    0    0    0    0    0    0    0    0    0    0    0    0    0    0    0    0    0    0
    0    0    0    0    0    0    0    0    0    0    0    0    0    0    0    0    0    0    0    0    0    0    0    0    0    0    0    0    0    0
    0   43  112   24   23   23   24    0    0    0    0    0    0    0    0    0    0    0    0    0    0    0    0    0    0    0    0    0    0    0
    0   43  112   24   23   23   24    0    0    0    0    0    0    0    0    0    0    0    0    0    0    0    0    0    0    0    0    0    0    0
    0   42  112   23   22   22   24    0    0    0    0    0    0    0    0    0    0    0    0    0    0    0    0    0    0    0    0    0    0    0
    0   41  111   22   21   21   24    0    0    0    0    0    0    0    0    0    0    0    0    0    0    0    0    0    0    0    0    0    0    0
  127   72  114  109  100  100   60   19   73   37   54   54    0    0    0    0    0    0    0    0    0    0    0    0    0    0    0    0    0    0
  126   88  120  122  114  114   62   20   74   38   55   55    0    0    0    0    0    0    0    0    0    0    0    0    0    0    0    0    0    0
  116  104  125  129  119  119   78  105   84   62   73   73  118  127   20   81   81  130  110  107   20    0    0    0    0    0    0    0    0    0
   94  118  128  129  115  115  110  113  105   96  112  112  119  127   21   82   82  130  111  107   20    0    0    0    0    0    0    0    0    0
   96  130  128  132  118  118  131  123  119  115  134  134  126  127   92   95   95  130  117  102   91  114  114   91   27   41   90   90   82   43
  126  139  124  136  127  127  140  135  124  118  136  136  140  125  117  123  123  131  130   92  108  115  115   91   28   42   91   91   83   45
  152  147  134  141  133  133  141  142  129  121  139  139  144  130  134  144  144  138  135  104  123  121  121  101   94   66  100  100   98   69
  172  157  157  149  137  137  135  142  134  125  143  143  139  142  142  157  157  151  129  139  135  135  135  120  124  117  121  121  128  119
  182  167  172  154  146  146  138  145  140  129  145  145  142  149  146  161  161  159  132  154  141  141  141  135  142  142  133  133  142  139
  183  177  179  159  159  159  150  150  146  131  145  145  154  151  145  155  155  162  145  150  142  140  140  143  145  138  136  136  138  124
  184  183  183  161  165  165  155  152  148  132  144  144  160  152  145  153  153  165  151  148  143  139  139  147  146  136  137  137  136  116
  185  183  183  161  164  164  154  151  147  131  144  144  159  152  145  154  154  165  150  149  144  138  138  146  147  136  137  137  136  116
  176  175  180  160  161  161  154  154  149  136  146  146  157  151  145  151  151  159  149  145  141  141  141  145  142  138  138  138  134  122
  153  159  173  159  155  155  154  162  154  146  149  149  155  148  145  144  144  145  150  135  134  148  148  142  133  144  140  140  130  134
  139  141  164  156  148  148  152  161  154  150  154  154  154  149  147  140  140  141  153  139  133  154  154  147  132  150  142  142  132  145
  131  122  150  150  138  138  150  151  149  148  161  161  155  153  151  141  141  147  159  156  140  160  160  160  140  156  142  142  139  153
  137  125  146  150  136  136  141  140  142  141  156  156  151  151  146  138  138  149  162  153  143  161  161  162  146  154  140  140  140  152
  158  150  151  154  142  142  125  130  133  131  138  138  141  141  133  132  132  147  162  131  145  155  155  152  151  143  135  135  134  141
  155  153  142  148  140  140  120  127  130  125  128  128  134  135  127  131  131  141  159  129  147  152  152  146  146  139  140  140  136  140
  127  133  117  131  132  132  128  131  132  125  127  127  130  130  129  137  137  134  153  147  152  152  152  142  130  142  153  153  146  149
  114  124  106  123  129  129  132  133  133  125  126  126  128  128  130  140  140  131  150  155  154  151  151  141  122  143  159  159  151  153
  116  125  108  124  129  129  131  133  133  125  126  126  128  129  130  140  140  131  150  154  153  152  152  141  123  143  159  159  150  152
  117  126  109  125  130  130  131  132  133  125  126  126  128  129  130  140  140  131  151  153  153  152  152  141  124  143  158  158  150  152