NDVI Matrices/GreenMatrix11.asc
ncols        129
nrows        129
xllcorner    0.000000000000
yllcorner    -129.000000000000
cellsize     1.000000000000
NODATA_value 0
[rows 84 to 125 of 129, columns 0 to 94 of 129]
149 147 144 136 123 135 140 142 133 133 131 130 118 112 112 112 131 127 135 129 137 128 123 134 134 139 139 130 137 142 145 141 138 141 139 143 141 142 149 150 146 147 141 147 136 147 145 146 148 148 147 148 150 140 141 134 131 126 142 140 135 129 138 138 138 138 133 134 149 153 147 148 141 141 137 137 138 138 134 136 140 136 135 131 133 133 136 135 137 128 134 131 133 134 134
146 144 148 145 145 143 136 136 136 135 126 125 134 133 130 124 138 142 147 146 142 136 129 122 137 134 135 135 139 139 137 140 141 145 134 142 149 150 147 149 141 146 144 148 144 148 147 148 144 149 153 156 153 144 142 136 123 116 141 141 137 137 148 131 127 139 144 142 145 149 148 149 146 142 139 137 139 139 138 133 137 134 136 134 136 139 136 137 138 131 136 136 135 133 140
129 135 138 140 136 134 135 133 123 130 132 127 130 131 119 125 139 141 138 129 137 135 136 138 135 132 130 129 135 134 133 145 141 133 132 133 144 146 149 146 148 150 146 145 144 146 146 150 148 143 148 151 151 142 140 137 131 108 142 147 145 133 142 142 141 141 141 144 142 148 150 147 145 139 139 139 139 139 138 137 137 139 136 139 137 135 132 136 138 135 135 136 137 140 145
129 133 143 149 141 139 139 127 128 129 138 131 131 138 122 130 105 128 136 138 138 137 142 140 140 141 137 135 130 132 137 138 143 136 139 143 150 145 140 147 149 149 151 148 149 148 147 146 148 148 149 150 145 141 142 143 150 99 135 147 141 142 136 132 134 141 141 143 142 151 151 141 140 138 138 139 139 140 138 137 134 132 137 137 137 134 143 139 140 139 139 138 140 143 143
141 140 141 150 149 136 131 138 139 142 137 135 130 136 120 123 126 133 139 138 128 129 133 143 146 139 144 136 138 137 139 143 148 140 144 148 153 153 153 153 152 145 143 146 149 144 146 143 151 151 151 150 144 141 141 150 153 126 142 148 145 141 140 142 137 140 142 142 146 146 146 146 140 136 138 137 140 141 141 135 135 137 135 134 138 139 142 139 141 140 139 140 140 144 147
149 151 156 150 154 144 129 137 138 136 128 118 135 137 149 141 135 132 138 135 136 135 135 140 135 140 141 133 133 142 146 149 153 154 152 147 149 154 156 156 153 151 150 148 152 149 152 155 150 153 153 145 138 141 143 147 150 148 109 145 146 146 142 145 138 142 140 142 138 145 147 144 136 132 137 138 141 138 138 136 138 135 133 134 137 136 140 144 142 145 147 150 147 148 152
154 153 152 150 148 146 142 136 144 135 124 136 141 144 148 149 151 148 147 146 149 142 134 137 142 150 144 136 141 143 148 151 150 149 148 146 150 148 147 148 150 151 152 149 149 149 153 149 152 153 152 145 146 144 151 150 145 149 108 144 143 144 140 137 142 137 142 140 139 139 142 143 134 139 135 137 137 139 144 140 135 137 142 142 139 135 137 140 142 151 146 153 150 147 146
159 161 160 151 145 152 149 136 134 124 141 143 139 140 149 143 151 147 154 147 147 137 145 143 144 142 145 143 141 143 148 149 147 145 141 146 148 142 142 143 143 143 145 149 149 149 148 142 149 150 140 146 141 141 142 147 156 148 117 144 144 146 141 145 145 146 139 141 140 136 145 138 135 137 141 143 144 143 139 138 136 144 147 137 137 137 139 142 148 151 150 152 148 148 147
152 155 156 154 158 153 154 155 154 154 150 141 142 149 150 149 155 152 151 145 137 147 144 145 145 144 144 149 151 147 146 147 144 137 141 147 144 143 140 140 134 132 143 144 151 152 150 146 149 150 141 149 141 139 150 153 151 149 118 147 145 143 145 148 148 148 151 141 128 132 140 134 135 140 145 147 147 138 135 140 139 151 149 138 140 135 141 151 152 153 152 150 147 149 143
157 155 156 158 160 159 156 158 157 154 154 145 146 154 150 146 150 152 151 150 142 144 139 144 145 148 147 154 152 146 150 146 145 142 147 150 146 140 139 136 138 138 142 142 147 141 145 146 148 147 137 143 141 143 150 156 152 136 127 152 150 145 151 145 143 141 146 147 145 135 142 140 140 141 145 145 148 145 145 144 147 147 146 142 140 140 146 152 154 148 155 151 144 142 144
157 160 159 164 162 163 164 160 163 163 153 153 154 153 146 148 149 144 152 148 149 149 150 149 153 148 153 151 151 143 149 148 145 156 153 144 141 139 138 138 137 138 138 139 148 141 139 136 140 143 139 147 150 148 156 157 157 152 103 150 149 146 140 148 145 143 142 145 144 148 143 138 141 140 143 147 146 150 147 144 150 146 143 145 143 146 154 145 150 146 155 152 148 141 139
158 163 162 161 159 162 161 160 163 160 152 155 156 155 153 154 155 152 153 148 149 150 150 146 148 143 150 149 147 140 145 147 144 153 152 151 140 137 142 136 136 139 138 139 147 142 140 136 140 150 143 143 152 150 152 159 159 162 99 126 146 148 145 142 133 143 144 145 143 142 146 134 144 145 148 152 146 146 145 150 149 143 142 141 144 155 160 143 129 152 144 148 149 140 130
161 162 163 155 154 159 157 152 155 156 156 156 150 157 157 163 159 160 155 152 156 155 156 153 152 148 152 152 151 149 149 144 144 145 149 154 155 152 154 153 138 137 143 145 146 140 132 142 141 148 145 147 154 153 158 157 159 117 143 128 112 132 138 144 141 141 142 145 144 145 146 145 145 148 148 147 144 145 146 151 146 145 151 143 148 154 160 159 156 145 154 154 146 130 133
165 166 163 157 158 158 155 155 157 158 158 157 154 157 160 160 156 161 156 155 157 157 158 153 156 154 155 154 155 155 155 155 145 145 152 155 153 155 155 153 149 152 151 146 148 137 145 144 141 149 149 145 150 156 158 161 157 116 132 148 142 142 124 134 143 144 143 146 145 146 144 141 146 149 146 148 146 147 146 153 147 145 148 148 149 148 161 156 156 156 156 150 142 130 130
168 167 165 162 160 153 154 157 160 161 160 162 158 157 159 164 161 158 157 156 161 159 160 157 155 156 161 158 157 151 153 153 148 145 152 153 150 153 153 155 154 156 157 152 149 141 151 158 151 146 152 147 157 162 158 161 156 109 142 146 143 145 147 140 132 140 145 148 148 146 146 145 141 147 149 150 150 152 148 150 150 151 150 153 153 153 156 156 154 154 150 142 134 131 128
169 165 165 166 167 164 162 161 162 159 157 159 160 159 156 157 161 156 161 160 161 163 164 158 159 161 159 156 153 146 150 155 157 154 157 155 155 153 152 150 157 153 153 154 156 154 151 157 150 147 153 157 157 154 156 160 134 146 141 146 140 149 151 149 130 140 146 148 147 149 150 149 143 147 151 152 150 151 149 152 152 155 154 154 152 151 155 155 153 139 138 133 128 137 134
170 168 168 168 166 166 166 163 164 160 162 162 157 157 163 159 162 160 158 158 164 162 166 159 158 158 160 158 155 147 151 152 151 156 152 154 155 153 154 152 152 155 154 154 158 151 161 159 154 156 152 142 129 133 158 148 150 151 138 148 150 148 148 150 144 134 146 146 149 151 151 151 150 137 152 151 151 150 151 153 157 155 152 154 154 156 156 153 137 137 139 140 137 135 139
167 169 171 169 166 167 167 167 165 160 166 165 166 165 164 161 160 162 163 162 162 162 165 159 158 159 159 157 154 152 154 151 150 150 154 151 149 150 156 156 153 156 156 157 161 156 159 156 159 163 147 148 150 150 152 151 143 147 138 140 148 147 151 150 150 140 144 150 151 150 151 154 151 139 151 153 153 152 150 151 154 153 152 155 153 154 148 150 136 141 139 139 136 137 138
164 165 171 172 164 165 167 167 166 163 166 169 166 169 166 166 169 165 168 170 165 164 161 164 157 155 154 156 156 154 152 151 150 155 156 153 159 158 154 159 160 156 159 160 153 156 148 117 132 134 127 148 151 152 150 148 155 154 151 141 150 151 153 149 151 151 124 149 152 149 149 150 154 141 152 152 155 157 155 153 155 150 151 155 153 152 148 152 144 145 140 145 143 141 144
159 163 167 167 168 165 169 166 167 170 171 170 166 170 170 171 168 167 168 167 166 163 165 165 161 154 150 153 153 152 156 150 149 149 149 151 151 147 158 161 159 157 162 152 149 134 123 146 153 154 157 160 157 155 154 153 152 156 157 145 152 154 153 152 155 153 128 148 155 155 148 149 153 144 154 152 157 155 156 154 156 152 152 156 152 150 146 150 139 144 140 145 142 143 142
159 167 168 168 171 171 170 169 172 171 172 171 168 166 167 172 168 170 172 170 166 165 163 162 159 156 158 155 158 155 156 162 160 153 149 148 152 155 150 152 157 160 155 141 119 112 151 156 159 154 154 157 153 154 154 153 151 155 158 150 158 158 159 159 156 154 137 147 152 153 152 154 155 149 151 156 155 152 153 151 152 152 150 155 145 144 144 144 144 146 149 142 144 144 146
160 174 169 170 175 175 172 170 171 171 171 172 165 167 170 166 169 166 172 170 165 163 158 159 158 158 157 154 156 155 155 154 157 151 146 147 146 146 151 149 151 154 125 122 157 156 158 157 154 154 152 157 155 156 156 153 151 155 159 154 158 159 160 160 160 158 147 140 154 154 153 152 153 154 139 155 157 152 154 153 156 156 157 155 142 145 144 141 144 149 147 148 144 142 150
158 165 172 167 170 171 175 174 171 171 170 173 166 169 168 164 168 172 169 168 165 160 157 156 156 160 160 156 154 152 157 156 152 147 145 150 150 152 160 158 115 140 158 160 157 150 151 154 149 151 153 154 153 152 152 157 156 157 159 141 159 159 160 160 160 153 143 132 152 158 153 153 151 157 145 152 157 158 154 155 152 156 155 152 145 142 144 145 144 148 148 142 147 141 146
157 163 165 161 156 157 157 166 167 171 169 169 170 168 169 166 168 172 170 166 164 165 161 157 160 161 157 156 153 156 157 145 156 155 156 157 154 157 158 135 139 160 163 159 153 154 152 153 153 154 156 156 158 156 159 157 158 160 162 159 160 157 160 157 156 156 136 143 151 154 154 154 156 157 152 146 157 155 154 154 156 151 158 151 152 142 143 143 142 145 148 147 138 143 149
165 159 159 160 161 161 161 163 161 165 170 170 171 172 172 171 173 172 172 170 164 164 163 164 160 163 159 153 154 153 154 156 160 159 156 144 135 136 119 117 158 163 163 159 152 151 155 154 155 157 157 158 157 160 160 160 160 157 164 153 165 162 159 158 152 152 151 141 146 155 157 154 155 155 157 142 158 154 154 155 155 152 152 149 153 141 148 143 142 142 147 142 141 141 145
160 160 158 160 163 159 161 168 170 166 164 167 168 167 171 169 172 167 168 168 162 163 166 161 158 158 151 157 156 152 157 161 152 134 112 137 161 165 159 157 165 161 155 155 151 155 157 153 155 152 156 154 154 155 154 155 158 161 164 153 159 153 160 160 156 155 148 138 142 153 157 157 160 158 155 143 145 152 150 152 152 154 151 145 145 144 144 140 140 142 143 142 142 141 144
158 166 172 169 168 161 164 164 168 166 170 167 167 168 166 168 172 171 166 165 164 159 162 160 160 161 157 162 159 160 159 145 123 141 155 162 162 162 159 158 162 158 153 150 156 158 156 155 156 155 157 159 156 159 157 159 161 163 161 146 159 158 159 154 153 153 151 143 146 152 156 156 158 157 157 152 138 149 151 151 151 150 150 139 144 150 144 140 140 143 143 144 143 144 144
169 170 166 165 166 166 165 161 162 167 167 169 174 169 169 166 168 168 161 166 164 164 163 164 163 161 153 158 153 156 129 155 159 163 164 158 158 158 159 161 162 159 158 165 160 156 159 161 157 161 163 158 157 158 161 163 169 155 155 157 159 158 157 156 153 153 143 151 155 145 155 157 155 157 150 151 144 141 145 149 151 149 143 141 142 147 143 140 138 141 140 144 145 144 142
163 171 167 168 169 168 166 163 166 165 167 167 167 167 171 169 164 162 164 166 166 159 164 162 161 162 162 160 127 120 140 166 161 159 161 157 160 158 159 161 161 159 161 162 161 160 160 164 165 162 160 156 157 160 162 165 172 160 164 163 165 160 162 166 164 159 142 156 158 146 156 154 154 155 148 145 145 133 148 146 150 151 139 144 145 140 139 137 140 140 143 143 142 142 142
173 162 161 171 171 169 163 162 169 164 165 165 166 167 165 163 167 164 164 167 168 165 166 163 164 165 160 126 148 169 170 164 162 160 161 162 160 160 161 160 159 162 161 161 160 160 161 162 163 167 162 166 164 162 165 146 157 158 165 163 171 163 163 174 170 156 136 155 156 157 146 155 156 152 149 149 148 136 146 146 139 144 144 144 144 138 137 137 142 136 138 139 138 142 150
171 165 164 161 161 162 161 162 163 164 165 161 166 165 165 162 164 162 164 163 171 168 168 165 168 171 147 171 172 172 169 165 167 167 168 166 162 161 162 164 164 166 162 160 157 160 162 162 169 168 168 165 172 168 160 164 165 165 165 167 166 168 169 165 165 161 140 155 157 158 144 157 156 149 149 150 142 152 140 138 138 142 147 150 152 142 136 144 141 134 135 144 137 144 147
161 161 165 162 162 160 159 161 163 159 164 166 164 163 162 161 166 168 166 159 163 164 163 160 125 153 167 173 173 174 174 168 176 173 175 167 165 165 162 164 166 164 163 166 165 167 164 167 164 165 166 157 162 166 162 170 170 165 168 162 162 164 165 162 157 160 141 156 156 159 152 151 153 158 151 150 143 145 144 125 137 143 144 146 151 159 158 136 142 141 143 141 147 149 148
160 160 160 156 158 160 156 158 162 164 166 161 163 161 163 165 165 160 158 163 155 128 114 122 167 172 167 169 171 174 172 168 165 164 166 166 164 166 167 166 167 165 165 166 163 163 169 167 164 164 155 159 172 168 166 172 170 169 166 164 160 157 162 159 157 157 147 155 153 157 149 152 154 150 151 153 143 149 147 144 141 141 143 147 151 157 155 142 142 146 147 147 148 146 151
148 152 144 160 147 136 153 155 160 159 159 158 164 164 165 163 162 158 146 129 125 148 160 166 174 168 169 175 172 171 171 170 168 169 171 168 170 167 164 162 162 163 162 164 168 171 169 168 162 163 155 168 172 171 171 167 164 168 173 170 161 163 160 162 160 149 154 154 147 152 144 153 151 150 149 152 152 149 150 140 125 140 140 145 151 149 152 144 144 139 149 146 150 151 151
155 159 160 153 157 157 124 130 155 158 161 159 165 164 163 168 154 124 142 165 166 168 166 167 171 168 172 174 172 172 171 172 171 170 167 169 168 165 163 162 161 161 163 160 162 165 164 169 167 167 165 148 168 166 168 170 168 164 166 167 161 159 158 167 161 153 159 149 145 143 144 155 151 150 145 149 150 149 146 143 135 134 148 145 154 146 145 145 145 149 137 144 148 151 152
160 163 163 163 164 161 160 156 135 151 160 167 164 167 152 131 151 163 164 165 166 166 162 170 168 167 168 171 168 169 166 165 165 166 171 170 166 164 163 164 167 167 167 167 166 168 163 162 166 165 157 145 152 167 176 169 170 165 165 166 159 160 161 165 160 149 154 150 153 147 139 149 153 155 156 158 151 148 144 143 144 140 136 144 144 147 144 147 142 139 139 139 149 146 147
161 162 164 166 167 161 163 161 157 133 160 162 166 153 126 161 168 166 166 167 159 157 165 158 160 166 170 173 172 171 170 167 167 166 169 169 172 170 166 168 159 167 167 166 170 169 171 169 165 165 152 152 154 171 175 176 168 164 151 159 158 160 165 155 151 147 152 150 153 158 136 148 151 149 156 156 151 148 144 144 141 142 137 141 141 144 144 140 147 142 146 81 146 147 152
158 166 168 167 167 164 162 160 161 156 145 157 161 158 149 167 165 168 166 170 173 155 157 159 158 170 171 169 169 168 171 171 169 167 166 173 165 162 167 161 166 166 169 172 165 169 171 163 162 167 155 164 163 162 163 171 167 154 149 159 162 160 161 154 145 149 150 151 150 147 147 140 149 154 154 160 150 144 143 144 142 140 141 134 139 141 138 144 142 141 145 140 145 147 146
160 163 167 167 163 166 162 159 159 161 160 149 158 160 162 147 166 167 169 170 168 155 165 166 168 168 168 168 168 168 170 170 169 166 166 173 165 156 165 166 166 167 166 164 166 170 167 168 165 167 160 168 170 168 170 169 171 157 152 154 161 158 152 149 140 153 160 150 153 148 150 148 141 150 162 158 145 144 140 141 140 142 145 142 144 144 140 138 141 137 151 145 147 147 144
161 158 167 167 167 158 158 162 161 158 158 159 157 159 162 161 152 154 143 143 145 162 163 166 158 159 166 167 168 168 169 170 170 159 163 171 172 158 163 164 165 163 165 163 166 161 159 157 157 164 164 165 161 169 170 161 160 160 159 158 156 154 155 149 118 154 161 148 153 147 148 145 143 150 159 157 145 142 140 141 143 146 143 150 140 150 147 142 142 148 150 148 151 146 148
162 163 164 160 165 161 163 162 163 160 154 155 161 164 161 167 163 171 163 164 163 151 163 162 167 154 164 164 165 168 163 169 164 165 158 171 164 154 160 162 165 165 156 167 163 166 167 164 156 165 170 163 159 156 161 161 153 162 158 165 159 164 160 150 122 150 154 153 152 151 144 147 151 142 149 146 148 149 145 146 144 148 143 141 150 140 152 140 146 145 145 147 151 141 149
160 157 161 168 164 164 163 163 165 160 154 156 160 159 164 164 167 162 164 154 159 161 150 168 164 157 154 163 168 162 160 173 168 158 162 166 165 154 158 161 162 161 151 152 162 159 166 158 161 163 166 156 171 164 165 160 153 163 156 155 154 159 157 150 133 145 148 150 133 142 151 157 160 151 150 146 148 144 141 146 147 148 147 150 146 144 147 143 146 146 139 139 141 143 146
