NDVI Matrices/GreenMatrix7.asc
ncols		30
nrows		30
xllcorner    -27000.000000000000
yllcorner    2099760.000000000000
cellsize	10000
NODATA_value	-9999
    0    0    0    0    0    0    0    0    0    0    0    0    0    0    0    0    0    0    0    0    0    0    0    0    0    0    0    0    0    0
    0    0    0    0    0    0    0    0    0    0    0    0    0    0    0    0    0    0    0    0    0    0    0    0    0    0    0    0    0    0
    0    0    0    0    0    0    0    0    0    0    0    0    0    0    0    0    0    0    0    0    0    0    0    0    0    0    0    0    0    0
    0   41  202   20   18   20   21    0    0    0    0    0    0    0    0    0    0    0    0    0    0    0    0    0    0    0    0    0    0    0
    0   35  207   21   16   18   18    0    0    0    0    0    0    0    0    0    0    0    0    0    0    0    0    0    0    0    0    0    0    0
    0   31  208   17   16   17   18    0    0    0    0    0    0    0    0    0    0    0    0    0    0    0    0    0    0    0    0    0    0    0
    0   31  206   16   13   16   18    0    0    0    0    0    0    0    0    0    0    0    0    0    0    0    0    0    0    0    0    0    0    0
  209   82  207  160  168  167   96   13  133   27   58   65    0    0    0    0    0    0    0    0    0    0    0    0    0    0    0    0    0    0
  208  141  218  209  200  200  109   12  139   24   65   65    0    0    0    0    0    0    0    0    0    0    0    0    0    0    0    0    0    0
  204  181  214  221  212  209  150  184  154   95  101  104  220  228   38  175  176  226  233  231   11    0    0    0    0    0    0    0    0    0
  194  203  211  217  208  210  198  203  195  183  189  188  223  230   32  173  175  226  236  229   11    0    0    0    0    0    0    0    0    0
  202  220  211  214  213  209  230  207  214  220  227  229  226  229  104  191  191  225  228  217  177  217  217  205   10   32  200  197  189   50
  223  233  218  227  218  214  227  221  224  209  221  221  230  220  191  222  222  231  227  198  221  214  214  205   11   28  197  202  191   45
  233  236  224  229  224  228  233  225  225  217  219  217  231  222  233  230  235  232  221  198  235  219  217  211  156  105  206  207  204  118
  225  232  227  228  238  233  228  229  225  228  230  229  226  233  224  234  232  226  228  216  226  215  218  219  206  201  224  223  222  204
  216  218  222  223  232  236  224  224  223  231  228  231  221  231  223  229  227  221  231  222  223  215  218  222  232  243  230  232  235  239
  202  207  203  223  223  223  224  217  221  230  219  219  216  223  231  225  225  217  225  223  224  216  216  221  226  233  227  229  227  231
  195  198  196  220  221  218  219  213  219  228  213  214  212  222  231  223  224  217  225  222  223  216  216  219  221  230  226  226  221  225
  197  198  198  225  224  221  222  216  222  231  215  215  214  225  235  225  225  216  225  222  223  216  216  218  221  229  229  228  221  224
  198  198  198  215  213  212  215  211  216  225  214  213  209  219  227  221  224  211  220  222  224  213  213  219  221  224  228  227  222  224
  197  196  194  191  191  192  199  200  204  211  206  207  200  208  212  214  215  200  210  217  219  206  207  215  224  219  224  224  226  224
  196  191  192  184  183  185  191  192  197  198  197  197  190  197  199  208  208  196  202  208  209  201  201  208  221  210  216  216  224  215
  192  184  189  191  189  188  188  190  194  189  185  185  181  185  188  200  202  197  199  196  196  197  198  198  209  199  202  202  213  197
  193  184  187  195  194  191  188  192  195  186  179  180  178  181  184  194  192  195  194  184  183  192  193  186  204  196  197  196  209  189
  194  198  198  190  187  187  192  205  200  190  183  182  182  182  189  180  180  182  191  182  180  190  192  173  193  207  204  204  194  196
  196  197  194  192  194  195  197  199  203  191  186  185  182  186  186  184  183  184  185  181  180  183  184  175  195  204  202  202  194  193
  198  188  184  199  201  202  203  188  204  190  187  187  182  192  185  193  193  192  180  183  183  178  178  180  198  200  196  196  192  187
  198  182  177  202  204  204  207  180  203  188  188  188  180  196  183  199  200  198  179  185  186  176  175  185  200  196  192  191  191  183
  199  183  178  203  204  204  209  179  204  189  189  189  178  197  180  199  198  198  177  185  186  175  174  186  201  195  192  191  194  183
  198  183  179  203  203  202  208  181  203  189  189  189  178  196  180  198  197  197  177  185  186  176  174  185  202  196  192  192  194  183