NDVI Matrices/GreenMatrix9.asc
ncols        129
nrows        129
xllcorner    0.000000000000
yllcorner    -129.000000000000
cellsize     1.000000000000
NODATA_value 0
[rows 42 to 83 of 129, columns 0 to 93 of 129]
119 115 112 119 124 128 126 124 126 118 77 36 36 100 64 7 3 6 6 5 5 11 9 5 1 1 2 3 6 12 40 130 133 109 127 132 135 133 115 123 126 120 109 89 111 95 8 10 18 8 7 4 5 5 0 0 0 0 0 0 0 0 0 0 0 0 0 0 0 0 0 0 0 0 0 0 11 11 11 6 7 6 6 8 8 6 5 7 8 7 7 11 9 6
118 124 121 119 123 125 120 117 122 109 62 29 36 76 62 9 6 4 6 5 5 6 5 4 2 3 1 7 9 12 55 126 133 135 134 131 105 67 21 24 22 26 21 16 25 55 57 63 19 9 6 7 6 6 0 0 0 0 0 0 0 0 0 0 0 0 6 5 4 7 7 7 7 5 6 5 6 8 6 9 9 10 9 12 7 6 5 7 11 10 13 10 10 11
124 124 124 122 126 124 122 119 123 114 94 73 66 62 54 25 7 7 6 6 5 7 7 7 7 7 4 13 17 37 69 97 125 135 133 124 100 78 52 38 31 24 25 25 37 52 98 107 103 86 58 39 21 5 4 0 0 0 0 0 0 0 0 1 1 2 9 18 10 7 12 11 7 6 9 5 13 11 9 7 5 6 9 36 34 13 48 77 58 62 111 87 58 73
129 127 128 127 126 125 123 124 123 121 116 107 99 85 70 48 33 24 30 29 18 16 10 10 11 18 13 21 31 50 76 83 100 133 132 124 103 90 66 60 51 42 35 45 54 81 111 115 105 99 90 76 50 10 5 4 4 0 0 0 2 4 5 5 4 6 17 18 30 29 20 15 16 12 17 23 20 25 21 15 9 6 6 7 12 16 27 53 72 98 109 93 85 86
122 119 121 123 127 128 126 125 125 123 121 117 107 99 94 92 91 86 79 71 53 40 30 17 26 32 33 35 35 54 77 89 102 125 128 124 114 96 80 67 65 60 66 76 87 98 108 103 104 93 93 87 75 42 24 4 7 2 1 4 2 2 5 13 17 24 36 44 56 66 45 54 28 25 22 17 18 23 18 21 48 62 71 56 70 93 98 113 117 121 118 106 109 114
123 119 114 116 119 128 128 127 126 126 118 120 114 115 107 108 110 106 111 106 92 74 64 56 55 60 54 56 56 62 78 97 107 111 127 121 118 116 109 86 81 99 97 92 108 116 119 117 109 112 116 112 93 56 32 12 10 11 5 6 3 4 13 42 70 89 90 96 95 97 81 87 81 58 35 20 30 36 31 29 77 108 114 107 110 110 120 130 129 126 123 119 121 129
115 119 115 115 121 127 128 125 128 125 119 124 122 122 121 122 125 121 119 115 111 119 110 104 101 100 100 104 104 101 107 120 121 119 119 116 115 116 117 114 112 118 121 119 113 117 121 122 118 115 118 118 114 94 82 27 9 7 6 1 3 9 15 46 82 94 104 101 102 115 89 102 105 78 70 49 42 68 117 112 111 131 129 126 127 121 125 129 125 122 123 121 120 123
114 112 115 114 120 120 120 127 131 130 125 126 128 122 124 123 121 123 124 124 126 122 118 120 119 120 120 119 117 117 124 132 130 127 120 115 118 117 123 125 128 126 120 116 114 120 123 121 118 110 112 104 86 83 93 20 12 4 6 4 4 14 27 72 94 96 117 104 93 114 99 101 99 90 76 58 111 125 118 130 130 127 127 128 124 123 123 126 129 122 121 117 127 126
111 107 112 116 121 121 121 125 133 133 127 129 127 122 122 126 123 123 124 123 127 126 125 124 123 122 123 125 126 128 130 133 130 135 131 124 119 111 125 131 131 128 127 124 115 123 125 127 127 126 127 134 135 135 132 125 115 115 61 5 6 37 48 126 120 109 119 101 101 102 105 107 75 76 97 110 127 126 128 128 130 130 130 127 126 121 129 130 131 125 125 123 114 127
111 114 116 122 123 120 126 130 133 133 126 126 123 121 128 127 129 130 131 130 130 130 129 125 128 126 124 125 132 131 133 131 128 133 131 129 127 124 124 127 125 127 130 126 127 131 134 134 131 133 135 131 132 131 137 131 107 117 94 80 14 49 115 129 130 126 116 116 109 98 79 101 99 118 113 124 133 129 129 131 128 129 129 128 121 126 125 123 122 126 126 123 129 128
119 124 124 124 123 128 128 133 132 132 128 127 130 129 131 132 131 128 130 128 126 128 128 127 129 132 130 133 135 129 129 128 126 132 132 125 129 130 127 129 127 122 131 132 130 136 136 137 136 136 136 135 131 134 134 137 134 115 109 106 85 51 131 125 132 127 121 123 131 104 114 93 130 128 119 128 133 133 130 128 128 130 125 123 127 129 127 124 126 121 117 121 127 120
125 112 131 133 133 133 134 137 137 130 135 135 133 125 126 129 128 123 121 130 132 134 127 127 125 133 127 138 139 138 138 131 129 131 127 129 132 132 105 108 129 130 122 129 134 137 129 126 133 130 124 120 127 135 140 137 130 126 129 129 135 130 130 128 141 122 128 124 123 71 116 132 129 129 133 133 131 126 130 130 131 130 126 123 129 127 120 118 111 117 120 125 126 123
143 141 142 138 136 135 135 140 138 143 139 140 136 133 134 130 131 130 130 135 136 138 132 135 135 129 136 136 136 137 133 121 128 121 120 114 131 132 126 119 130 122 125 129 123 132 134 137 132 127 134 131 134 139 137 136 131 133 128 131 133 133 138 120 137 133 134 137 99 92 140 137 122 132 129 129 130 135 130 130 130 127 129 132 129 126 124 128 127 125 126 127 125 125
139 141 141 140 138 134 134 139 143 145 137 142 139 135 137 135 132 133 134 137 132 129 136 136 134 134 133 139 136 124 119 120 123 124 129 129 131 131 130 129 130 130 136 137 129 130 123 124 126 142 143 139 139 142 137 129 133 136 137 132 135 131 141 141 131 137 129 132 102 132 144 133 128 127 133 131 132 133 132 126 127 129 129 119 117 122 127 127 128 130 129 128 126 123
139 143 135 139 142 139 137 138 139 140 143 143 136 140 141 138 133 141 139 126 125 139 139 138 135 122 124 127 104 110 97 117 131 133 131 135 138 135 128 135 132 133 136 139 125 132 129 135 132 137 128 133 137 127 128 130 141 142 138 149 141 118 131 141 123 135 140 124 96 147 136 138 130 128 132 132 135 134 124 128 132 132 128 130 127 124 127 129 128 132 132 131 122 126
139 140 129 133 134 146 141 131 139 139 137 137 142 137 125 122 137 135 134 139 137 141 135 136 130 129 124 127 129 109 106 133 131 134 125 129 133 134 133 137 137 136 138 142 141 138 137 143 147 144 141 140 136 126 136 149 147 140 135 141 147 134 139 148 139 149 139 91 131 133 136 139 132 131 132 133 133 134 133 130 132 129 138 139 136 129 134 134 135 127 135 127 129 130
140 138 125 135 138 141 142 137 138 134 138 140 138 141 142 134 137 140 141 142 139 137 137 140 130 128 124 104 114 115 115 129 134 127 127 136 132 136 139 130 136 130 138 142 138 138 143 140 139 137 141 133 126 144 149 148 141 145 140 143 149 135 138 142 145 149 147 119 136 131 136 138 134 132 134 135 139 129 131 128 126 138 140 134 130 128 136 137 132 130 140 132 134 126
142 140 138 135 131 138 138 127 126 135 132 137 135 138 139 135 127 135 143 145 142 142 141 141 130 97 62 87 124 131 127 129 131 134 131 129 121 124 127 109 125 132 138 141 146 144 142 138 142 138 134 135 148 147 146 143 143 144 146 149 149 145 142 149 141 130 117 106 136 129 139 143 136 135 135 138 133 131 132 132 138 136 132 133 134 135 143 144 144 137 140 134 136 134
136 143 142 134 135 134 130 116 136 138 127 123 129 131 135 145 145 146 136 132 117 129 141 126 90 81 52 84 105 130 128 134 137 135 138 134 129 117 120 106 127 128 146 150 150 147 141 136 134 133 138 146 148 143 148 150 145 146 151 146 143 123 128 145 142 145 133 109 148 138 140 143 143 139 136 136 134 133 133 140 137 135 133 139 139 143 144 146 145 141 136 137 133 136
129 142 139 138 141 134 136 131 112 133 137 131 142 144 147 145 134 121 97 114 139 140 132 125 118 120 93 114 130 137 139 136 121 127 128 132 130 126 128 134 133 138 137 141 147 146 140 138 139 146 149 148 151 145 147 149 151 147 147 145 139 135 128 147 147 148 104 136 146 140 135 140 143 139 139 138 135 136 138 136 137 144 144 145 144 142 141 146 144 139 137 136 135 134
132 132 125 134 138 138 134 134 142 140 132 145 148 145 142 140 140 135 117 76 130 136 142 138 128 137 138 140 135 137 139 130 129 135 137 134 130 137 132 130 134 138 145 145 146 144 138 135 145 148 144 143 148 147 152 152 149 148 145 145 139 135 137 143 142 140 125 149 145 141 143 144 143 145 139 135 135 134 137 136 136 142 144 143 146 144 142 144 141 142 142 137 132 135
115 122 129 137 138 134 133 122 108 139 143 143 134 123 135 135 137 133 142 138 143 138 136 145 145 135 132 110 102 130 132 137 140 140 142 138 137 129 141 138 125 140 141 144 141 135 136 145 145 142 143 146 149 151 151 149 149 148 146 148 139 137 141 134 124 123 141 147 141 143 144 146 147 146 144 143 138 139 143 136 139 142 146 138 143 143 138 140 140 142 144 133 134 132
130 118 136 140 141 144 139 131 63 112 135 142 136 120 130 134 138 140 141 133 137 138 146 146 136 141 147 143 134 138 131 143 137 135 129 137 136 138 137 142 142 139 136 136 131 135 143 146 144 145 146 151 146 151 153 149 146 140 140 145 144 149 146 133 119 142 163 153 145 145 145 145 146 147 145 143 145 143 143 141 138 144 145 136 142 140 140 142 143 142 137 129 134 132
129 124 142 138 138 145 145 142 128 121 116 123 129 138 134 123 140 143 140 128 122 132 140 143 134 143 149 146 138 138 134 132 141 137 137 136 133 135 144 142 142 143 132 126 139 145 145 143 130 130 144 147 143 150 149 150 144 142 144 144 145 149 156 150 158 126 159 151 144 145 145 143 144 145 144 145 144 144 145 140 142 140 146 141 141 144 139 145 143 142 136 137 139 137
113 133 139 142 144 142 141 142 141 140 143 127 128 129 131 142 145 148 140 140 143 144 145 142 134 142 132 125 131 107 138 137 139 142 142 135 128 127 138 139 134 133 138 142 151 147 134 137 137 138 142 144 148 148 148 136 127 122 144 153 156 152 148 133 114 154 137 138 147 148 146 143 145 145 147 145 144 142 145 138 142 143 140 140 141 138 139 146 144 143 137 143 142 140
117 132 131 143 149 143 138 141 139 103 118 139 140 143 131 139 145 144 140 135 139 143 143 145 145 139 130 147 150 146 143 136 144 144 146 137 131 130 134 125 128 133 144 146 152 154 129 129 134 133 143 146 148 146 143 140 145 138 140 153 163 162 164 137 147 141 134 137 146 146 145 143 144 145 144 145 144 144 141 142 143 140 141 138 140 143 142 142 142 142 142 142 136 127
125 130 136 147 147 143 142 141 144 138 138 140 131 132 141 143 149 145 145 140 124 97 122 146 150 140 143 144 142 143 125 133 145 138 141 142 138 137 140 134 132 141 142 141 146 148 145 143 146 143 143 146 145 147 145 152 152 152 132 131 142 158 142 144 141 141 138 137 142 144 145 143 144 145 148 147 144 144 143 141 139 140 144 141 140 136 139 142 142 140 141 134 134 125
118 118 133 145 140 138 143 145 142 139 139 136 140 141 142 148 146 146 145 145 107 103 131 147 145 141 143 143 137 132 138 143 142 144 138 132 117 124 136 137 131 129 145 147 148 149 139 138 139 141 146 148 144 147 149 121 144 147 160 136 160 148 145 140 140 142 137 141 142 146 147 145 146 144 146 145 146 146 144 145 144 144 143 139 139 140 141 143 143 136 135 135 135 134
115 117 139 148 148 145 142 143 148 140 135 136 140 142 145 147 140 143 134 135 142 141 142 146 136 130 140 143 136 134 143 148 138 127 124 141 136 136 135 138 133 130 141 141 143 144 145 142 136 145 149 143 144 147 142 141 151 152 157 149 144 142 147 140 143 139 115 137 145 144 145 145 146 146 148 144 145 145 146 144 140 134 135 140 143 142 140 138 139 139 136 141 141 133
131 117 137 146 149 148 150 147 147 146 142 145 142 141 134 141 144 142 129 137 139 139 139 146 149 145 144 132 132 146 142 140 139 141 144 145 140 131 133 135 132 146 142 143 143 142 130 109 143 147 151 145 146 144 131 121 159 157 156 149 137 137 145 138 142 138 128 133 140 144 149 148 147 146 146 145 141 144 146 145 145 139 138 143 143 145 146 144 144 141 137 137 138 142
124 134 136 138 140 143 145 141 141 141 148 140 141 145 147 147 144 141 140 147 141 149 149 149 148 148 148 150 149 143 137 144 143 147 151 144 139 140 129 122 135 151 153 156 153 149 147 145 149 151 147 150 151 145 138 129 156 156 150 140 139 142 142 147 148 142 145 141 143 145 150 149 147 145 147 147 143 144 145 145 147 142 146 148 144 145 147 145 145 138 139 139 133 140
120 133 138 148 144 144 144 133 141 142 146 139 131 143 145 148 145 137 125 135 148 148 146 148 147 139 142 146 151 148 139 136 145 150 145 141 139 134 128 141 148 150 150 151 149 151 138 146 149 150 152 154 144 142 144 140 148 158 148 141 134 147 144 147 149 147 141 141 145 148 148 152 148 148 145 147 144 144 144 146 145 146 147 144 143 144 144 139 141 139 137 130 139 137
128 134 134 145 148 142 142 140 137 138 99 129 144 144 146 144 148 150 140 145 143 136 125 148 145 138 138 148 149 143 145 144 152 147 142 136 139 135 147 147 152 153 153 154 157 160 154 155 150 151 156 156 142 149 152 106 139 154 150 144 146 148 147 146 147 140 145 148 145 151 152 154 149 148 145 148 145 144 146 147 149 146 145 144 143 143 143 142 143 140 140 136 132 131
128 134 143 141 152 142 136 140 143 144 132 141 146 147 145 138 133 144 138 148 145 141 147 148 152 152 149 149 151 148 142 150 146 134 136 139 145 139 150 151 155 153 149 154 156 160 155 158 153 145 149 154 143 153 157 117 102 154 154 145 141 110 138 145 144 139 141 147 145 147 156 155 152 151 147 147 146 146 146 149 147 143 144 145 144 144 144 141 140 142 138 135 131 133
120 136 146 142 147 147 144 151 148 146 143 139 137 147 142 141 145 139 149 149 147 149 144 142 147 152 150 149 151 148 149 146 137 144 147 153 151 138 147 149 151 154 153 153 159 159 159 156 155 161 162 153 141 158 157 134 106 151 151 142 147 147 140 144 144 144 145 143 148 147 155 157 159 154 146 144 144 147 147 144 146 147 145 147 146 144 142 139 141 138 141 139 140 140
124 139 145 141 145 149 146 143 145 132 142 147 143 148 147 145 147 147 149 151 151 148 148 148 149 147 147 149 151 150 142 139 139 149 153 154 155 145 144 155 150 151 153 155 150 140 151 154 153 156 160 146 156 156 156 143 107 153 150 139 144 147 140 146 147 145 145 145 147 148 146 151 156 151 146 145 147 145 144 142 143 146 149 147 145 145 139 139 142 143 143 141 142 141
122 135 149 149 151 153 153 151 150 151 152 152 143 142 151 152 148 139 142 147 147 147 146 148 153 152 147 152 151 142 142 135 141 151 151 153 147 139 153 149 143 151 151 153 156 157 147 151 153 148 145 152 154 152 155 148 110 154 152 145 142 150 148 143 139 137 126 139 145 146 154 150 152 151 146 145 142 143 142 145 145 147 147 145 144 141 141 143 142 143 144 141 142 138
128 135 140 133 141 148 155 157 157 153 147 151 151 153 151 149 149 148 147 148 145 143 152 154 157 158 156 157 156 150 151 143 146 151 153 154 151 144 155 155 154 154 153 153 156 157 154 152 155 145 143 158 152 152 154 140 110 152 153 147 145 147 149 141 136 139 140 138 141 141 158 158 156 148 139 139 144 144 145 144 147 147 148 148 144 145 145 146 142 145 144 141 139 138
136 125 115 127 134 146 149 147 150 149 150 150 151 150 151 151 150 151 152 146 148 151 151 153 156 154 154 155 153 149 149 148 148 154 152 153 144 147 155 153 158 155 156 152 152 152 150 152 157 146 148 154 145 153 155 144 112 154 158 147 146 154 145 143 145 146 146 145 151 154 154 158 154 145 147 142 148 146 146 145 146 148 148 146 147 146 145 145 142 141 143 146 143 140
141 147 144 138 130 126 137 146 133 134 134 149 154 151 149 148 151 155 152 150 136 145 145 141 144 148 151 154 149 149 152 155 156 154 147 142 143 151 153 152 153 156 151 155 154 157 155 157 145 147 154 153 154 153 152 150 109 143 154 147 143 150 150 148 148 145 146 141 144 150 156 158 156 152 149 145 145 146 146 150 151 150 149 147 148 147 146 144 144 144 145 146 140 141
155 156 146 152 149 141 128 131 127 127 129 139 153 153 147 152 154 142 133 137 146 145 142 148 147 144 140 143 149 148 150 151 153 150 146 150 151 152 156 158 156 154 154 153 154 158 151 150 159 160 156 153 154 158 154 155 129 148 153 155 146 137 147 150 140 139 144 147 148 148 158 155 157 152 152 145 143 146 150 149 149 150 149 147 147 149 148 145 147 143 142 145 145 140
158 151 148 148 143 144 138 129 137 145 144 132 131 141 155 152 140 143 151 148 145 134 121 130 140 141 148 134 143 148 148 141 138 145 145 152 152 153 154 151 152 156 153 148 148 144 145 152 154 155 153 150 156 153 150 148 143 129 153 152 144 139 144 148 145 147 146 152 150 152 159 155 159 150 150 147 146 146 149 148 150 150 149 148 146 147 148 146 149 150 145 140 138 138
