NDVI Matrices/GreenMatrix4.asc
ncols        129
nrows        129
xllcorner    0.000000000000
yllcorner    -129.000000000000
cellsize     1.000000000000
NODATA_value 0
[rows 55 to 109 of 129, columns 0 to 95 of 129]
50 66 61 71 62 53 37 51 64 67 60 62 63 51 50 45 32 44 41 52 35 31 41 49 46 51 44 58 54 39 31 25 29 25 38 41 29 44 37 35 42 40 53 50 33 28 27 23 23 54 56 40 47 36 29 29 38 44 43 48 46 24 53 54 35 31 18 20 30 36 52 50 43 19 47 56 48 52 42 36 37 49 55 23 18 33 45 26 23 48 49 41 27 34 27 31
58 55 59 44 60 52 45 59 67 65 66 62 59 60 62 38 47 55 56 22 27 40 52 51 39 23 26 33 15 20 19 29 48 46 47 51 55 52 37 41 43 58 56 51 30 35 33 39 25 33 23 34 46 37 47 28 26 39 54 54 58 18 21 46 40 33 28 26 27 40 54 57 49 27 50 52 55 54 32 50 53 55 53 52 29 41 45 46 29 46 45 42 26 25 44 27
44 50 22 33 47 60 58 25 62 63 45 52 60 57 17 22 46 52 38 45 55 52 42 51 34 35 33 44 41 17 26 55 48 43 41 34 52 43 53 54 56 48 38 52 47 46 26 59 62 51 50 51 46 45 56 71 69 49 26 60 61 20 25 56 50 29 31 34 21 32 42 48 53 51 54 55 44 52 47 51 30 36 52 50 47 51 45 52 48 41 40 16 18 39 32 39
53 57 29 53 67 60 62 50 49 62 48 53 61 58 57 32 40 57 54 57 52 49 35 61 35 40 23 26 15 19 25 36 49 35 41 42 31 51 48 43 51 33 34 55 57 65 41 49 59 52 38 46 35 45 57 64 49 67 53 58 63 25 46 36 50 42 23 29 26 31 36 35 43 41 56 60 39 58 60 51 49 41 54 52 48 53 53 52 47 45 44 39 41 32 29 44
46 56 54 49 35 64 62 26 27 57 28 57 46 28 65 40 21 37 59 56 58 36 61 62 46 26 25 27 43 40 34 39 36 51 41 31 23 30 40 17 43 58 59 68 50 68 64 42 55 43 40 52 70 55 41 41 63 61 65 69 69 64 66 66 66 45 40 38 33 19 50 56 60 29 60 59 59 59 59 54 50 43 48 52 51 56 56 57 52 44 45 38 44 41 44 42
65 67 62 43 45 41 45 16 49 55 31 25 25 28 25 70 59 63 36 30 24 33 60 27 15 21 19 35 25 40 27 26 49 49 47 49 28 21 25 13 44 39 57 70 72 70 18 28 60 54 59 62 66 36 66 71 72 60 75 44 54 23 19 62 70 55 41 39 36 34 24 45 61 60 57 61 66 55 48 59 59 51 49 54 55 57 54 55 53 51 49 39 27 49 43 41
51 61 60 50 60 41 37 43 18 49 47 25 62 59 64 69 37 19 17 24 54 54 43 37 19 21 32 47 40 52 57 53 23 36 18 44 33 34 35 42 54 44 30 47 67 66 30 57 58 65 71 67 70 75 67 70 76 70 72 71 38 44 24 69 67 54 31 46 35 48 25 46 64 61 69 60 62 54 59 57 56 58 56 57 55 55 55 57 55 55 53 48 46 32 25 41
61 69 65 50 51 49 44 38 51 56 36 65 73 68 60 51 47 40 30 14 35 40 56 40 24 44 58 46 59 52 57 40 38 51 53 54 49 43 42 58 19 22 62 24 71 70 57 57 69 72 58 45 75 79 80 77 77 70 66 62 55 44 61 64 70 60 43 36 44 43 54 65 54 65 65 64 56 60 59 58 54 58 57 57 56 55 56 57 57 55 46 51 54 45 36 47
45 51 60 60 53 46 33 33 18 51 58 53 37 21 50 38 44 36 56 49 47 49 42 62 63 51 49 21 13 57 54 65 67 52 66 63 50 55 44 45 14 35 23 50 58 48 60 73 74 49 47 46 72 80 80 78 58 73 66 70 31 29 40 36 20 38 43 49 48 58 66 63 64 72 62 67 59 59 60 59 60 60 57 57 57 56 58 58 58 57 55 54 49 52 40 42
51 52 62 54 62 63 43 45 10 16 44 60 39 24 26 33 47 38 52 42 51 58 65 57 35 48 70 68 47 65 64 69 41 39 22 44 56 65 31 44 30 39 24 61 61 63 68 67 65 66 63 52 70 82 79 80 71 30 26 64 38 84 54 27 27 44 56 57 66 69 63 62 71 74 63 66 57 66 60 59 62 51 57 27 56 56 57 55 55 58 57 46 50 51 39 49
54 64 59 74 70 61 65 58 27 22 18 35 43 40 38 17 42 52 36 29 25 29 56 56 32 52 73 67 51 44 32 53 55 49 54 59 51 41 63 45 63 50 55 61 62 61 59 64 22 36 50 74 53 69 73 66 70 49 61 67 67 79 53 54 53 44 45 49 61 67 70 65 68 64 67 65 60 60 63 64 61 49 59 47 52 58 57 59 58 57 56 52 51 43 49 51
59 71 71 74 74 42 60 59 64 56 69 29 24 33 34 56 62 60 56 47 57 71 68 69 33 55 27 31 31 17 48 54 57 51 65 42 29 39 56 27 51 61 61 71 75 68 20 26 52 36 55 47 71 78 60 66 56 47 74 68 64 73 59 55 38 68 66 53 53 61 72 60 64 62 68 62 56 64 58 61 62 51 54 59 51 55 57 56 56 59 55 54 49 43 56 50
54 57 58 64 75 35 53 63 69 37 32 64 47 69 21 45 50 57 42 35 51 55 53 52 62 49 42 63 67 61 66 54 39 67 63 54 39 34 44 20 55 57 73 71 77 78 19 21 44 21 60 82 58 60 52 59 48 43 54 49 63 54 50 52 58 57 33 37 51 59 73 52 58 64 67 58 54 65 55 61 60 58 58 57 58 53 56 57 58 53 56 57 52 53 50 52
38 60 69 68 75 42 59 63 71 48 60 53 35 40 54 51 58 61 54 39 34 15 17 61 63 40 45 41 48 42 21 25 65 27 55 40 38 26 56 28 60 64 23 50 71 80 62 75 79 80 79 75 74 68 79 59 52 59 45 30 52 54 58 21 55 59 55 46 44 55 72 70 67 64 69 66 54 53 61 61 54 59 60 51 45 47 41 56 54 46 56 57 54 52 36 44
45 58 61 63 56 30 69 69 57 58 55 46 57 57 58 69 64 63 72 68 16 15 30 68 55 51 62 69 26 37 38 27 62 49 50 21 19 22 45 62 45 48 57 59 68 84 39 57 49 38 78 49 65 82 84 50 50 54 42 50 63 45 53 31 48 56 62 55 59 73 72 64 58 64 71 64 56 57 63 57 52 53 54 51 53 52 52 55 57 56 57 58 53 51 47 45
64 58 64 77 75 66 69 64 77 55 46 50 43 73 60 72 35 63 54 41 57 50 41 34 49 26 53 63 44 27 59 57 61 24 19 56 50 62 39 32 54 64 56 29 34 49 65 44 58 52 77 49 50 57 61 56 51 63 61 72 42 70 72 21 63 64 17 58 55 38 72 63 65 63 65 64 52 63 62 49 60 33 53 55 56 60 59 58 55 57 55 52 55 50 52 40
61 63 68 76 78 71 80 77 65 78 50 70 54 61 32 61 69 49 27 50 60 37 42 63 73 47 40 40 20 64 56 53 28 64 40 59 50 62 34 59 59 77 44 47 67 75 40 17 34 78 82 76 82 40 61 45 56 47 64 69 45 35 54 42 37 41 21 35 44 50 73 67 68 72 65 63 55 57 53 52 57 53 57 57 58 57 56 59 58 58 58 52 56 54 47 38
31 61 47 69 64 62 64 57 51 47 78 53 50 59 71 69 67 52 48 62 61 57 61 77 71 72 70 71 65 58 35 48 53 52 74 60 66 61 48 55 62 55 74 80 83 77 40 67 45 67 60 77 81 76 64 50 62 58 35 44 53 18 23 70 61 63 59 67 65 63 74 79 71 70 50 70 61 54 53 51 56 61 61 54 58 60 60 60 59 60 53 53 54 44 42 31
66 68 68 66 59 66 60 42 60 49 69 59 26 57 56 65 67 57 25 40 62 74 69 71 66 50 34 58 76 67 39 25 51 72 66 63 63 57 49 68 53 63 70 64 68 62 26 26 69 66 63 77 72 62 72 61 61 70 40 43 18 65 71 63 62 32 63 58 63 40 61 75 74 74 52 63 62 58 49 61 65 58 57 63 58 64 64 62 62 61 57 55 56 52 39 22
63 70 71 61 79 66 54 50 33 32 13 37 64 59 73 66 71 71 53 61 65 40 19 78 59 50 46 68 73 43 46 48 73 72 49 41 61 70 55 61 57 81 65 57 90 83 61 86 57 73 84 85 71 53 55 44 60 58 59 44 54 69 54 71 22 50 41 56 62 62 79 74 75 74 69 47 59 60 60 62 58 62 56 59 63 63 63 64 64 62 61 57 53 53 32 55
61 39 49 37 76 54 51 47 55 70 47 60 72 72 68 65 27 67 52 78 62 44 59 72 78 73 71 76 67 62 37 63 69 25 58 59 58 56 74 56 58 76 72 60 81 80 82 89 72 27 67 85 72 56 86 52 43 67 75 56 49 10 21 72 60 22 27 56 70 69 66 82 76 65 68 57 58 61 63 56 56 57 59 59 65 65 65 64 62 63 63 57 52 49 38 54
66 57 62 67 65 68 62 71 74 60 63 57 55 78 44 52 57 56 82 66 71 69 57 48 64 82 66 70 79 62 65 58 66 74 80 65 73 69 56 57 45 75 68 67 71 73 84 79 79 92 89 75 77 66 86 70 42 66 60 29 60 60 33 62 53 34 73 73 54 50 65 81 78 78 62 64 61 61 56 60 62 54 63 57 64 65 63 62 62 59 61 56 56 65 51 53
66 49 63 56 67 71 40 62 55 30 43 72 67 81 66 59 71 76 67 72 79 72 69 66 76 62 56 68 76 61 48 44 67 81 75 81 79 74 73 68 69 39 44 80 31 24 65 68 81 81 91 65 82 87 88 75 42 69 67 35 58 43 26 55 79 75 64 69 53 69 38 79 88 62 69 69 61 53 57 58 58 60 58 65 64 64 61 60 27 60 62 49 60 63 52 52
51 44 56 70 77 75 86 82 84 76 87 76 50 24 77 74 59 69 71 60 58 64 64 60 84 62 50 83 72 54 46 74 60 77 63 81 72 69 87 59 27 49 60 65 83 73 48 40 71 78 65 82 78 88 87 81 51 74 78 60 62 59 73 54 44 20 20 24 71 69 73 70 86 77 67 66 44 52 58 59 60 59 65 66 64 61 63 62 59 62 64 56 52 59 61 59
57 70 68 72 69 77 86 92 87 81 80 62 81 68 72 70 50 64 58 65 59 43 76 83 88 83 85 82 74 71 78 75 67 81 78 72 76 71 75 80 71 72 63 63 73 81 86 79 87 74 74 85 75 87 82 69 53 74 78 55 40 73 69 22 47 24 46 29 38 66 82 91 82 73 51 41 43 52 57 53 59 65 60 70 65 65 66 65 66 68 62 47 46 37 54 71
69 68 70 72 52 80 80 72 76 58 73 75 78 75 67 58 70 77 86 57 65 73 72 73 81 79 76 78 73 81 72 80 76 87 77 76 77 74 82 64 85 82 85 84 83 82 51 54 90 79 73 64 39 87 81 82 47 77 84 52 40 67 52 36 79 79 50 68 66 66 63 90 76 74 56 53 56 64 54 53 62 64 68 64 65 65 68 66 53 71 75 74 67 70 68 72
62 56 74 52 56 51 47 71 74 70 52 66 82 66 66 70 70 77 78 80 71 73 81 75 79 84 81 80 58 78 81 86 79 76 77 70 72 61 81 68 68 73 73 80 78 82 64 71 75 76 29 89 69 89 73 88 46 72 83 39 24 78 38 67 78 74 77 35 77 54 85 77 85 81 71 56 64 65 67 70 64 69 65 65 66 70 72 72 74 72 74 47 73 74 72 75
84 62 69 85 79 67 68 66 74 66 70 62 79 69 34 68 79 68 71 74 75 81 75 80 82 72 64 60 62 73 68 84 78 72 71 66 65 63 90 90 70 69 79 79 84 87 84 75 90 88 98 71 79 89 84 87 68 72 81 72 57 58 63 30 63 39 79 76 84 85 91 88 75 63 74 59 71 64 72 68 70 68 69 69 70 70 72 72 74 69 61 66 74 72 72 71
90 82 75 77 43 79 74 70 78 78 72 71 71 74 86 81 75 72 77 66 57 26 21 24 64 35 73 68 70 70 75 40 22 40 72 84 70 52 79 81 77 86 81 84 76 68 75 76 86 56 63 53 92 81 86 75 83 63 73 68 78 66 41 82 78 52 77 86 82 84 93 94 73 75 63 56 70 75 70 71 72 74 73 74 73 64 72 72 71 65 74 59 38 69 64 81
86 79 82 59 22 76 82 77 88 77 78 72 72 70 73 73 78 58 69 61 68 33 26 58 63 80 86 70 76 54 77 49 40 53 75 64 53 45 77 87 87 88 84 85 78 89 84 78 64 69 71 82 84 81 86 87 77 65 80 75 76 55 79 85 66 65 49 83 89 91 91 88 81 79 72 70 70 71 73 73 70 72 71 74 70 67 56 63 69 78 78 79 77 79 80 83
63 63 90 86 81 90 86 87 88 91 54 67 71 68 73 78 90 86 79 85 67 55 37 25 66 47 82 84 83 68 65 72 67 81 77 62 86 88 90 87 67 73 68 77 81 88 90 76 59 85 99 99 92 88 85 91 78 61 80 71 73 59 46 30 35 85 82 80 72 96 90 86 72 70 72 75 76 72 62 58 71 66 67 75 79 81 80 77 78 67 76 80 47 70 80 85
41 41 72 83 68 47 64 75 26 64 78 66 51 60 78 74 77 82 66 41 64 42 69 62 78 72 80 63 66 62 35 58 71 79 59 46 77 68 85 77 80 83 87 83 72 66 89 85 46 80 81 100 92 85 89 89 83 55 79 91 83 24 69 86 80 79 82 83 53 88 94 84 80 76 79 78 77 76 75 76 76 75 74 72 82 82 83 84 78 82 82 83 78 82 92 78
31 42 75 83 86 55 80 39 70 68 88 54 55 74 79 76 23 53 52 76 81 82 79 57 77 67 81 69 38 39 36 42 79 75 72 49 83 85 82 88 86 90 92 94 94 95 79 75 96 79 81 93 89 88 89 87 96 61 78 90 55 66 41 37 70 74 86 85 80 68 97 85 71 80 82 79 74 70 58 70 70 54 80 81 81 78 78 80 73 82 82 84 74 81 85 92
44 45 62 83 87 34 33 60 62 79 81 80 61 78 84 78 43 44 60 82 68 79 67 80 82 74 66 73 46 52 51 80 84 81 55 69 84 87 90 94 94 73 71 85 95 79 71 56 97 91 92 91 87 87 88 96 101 78 72 80 49 54 73 61 80 75 73 84 84 86 92 94 80 70 74 80 78 75 78 82 81 74 82 77 82 84 84 81 82 82 84 89 82 78 77 87
94 78 93 97 92 68 25 61 70 80 55 25 76 90 91 87 80 86 88 89 77 81 82 68 62 80 81 54 29 69 77 88 93 90 89 79 86 97 102 98 98 91 98 91 101 98 98 103 96 97 94 90 88 89 90 91 99 97 61 83 72 89 56 84 82 77 68 83 85 84 94 94 82 80 76 76 83 82 83 80 82 83 80 78 84 84 86 84 85 86 92 92 79 80 89 87
96 91 82 97 97 92 51 38 85 61 31 78 83 79 93 93 93 94 83 74 89 87 83 77 65 85 70 57 49 84 87 95 94 94 92 88 90 93 87 91 94 95 99 96 95 94 95 95 102 98 103 90 91 91 90 96 98 94 63 88 81 86 79 40 78 79 83 83 86 75 94 97 86 83 81 76 80 82 83 87 79 77 80 81 80 85 86 87 88 90 91 92 82 81 84 81
99 98 96 96 97 94 77 40 46 47 77 91 77 74 87 89 89 86 93 86 86 84 87 86 76 86 72 83 82 85 89 97 93 90 90 90 93 90 90 88 90 87 98 100 89 87 86 60 101 98 95 94 94 96 92 92 104 98 64 81 86 85 78 77 81 77 82 77 78 81 83 90 88 84 79 83 83 84 88 87 86 76 89 83 84 88 89 91 96 84 90 88 80 86 85 85
92 88 94 94 100 93 91 93 92 92 85 56 87 79 95 92 96 95 96 88 84 92 79 78 92 72 67 93 90 88 90 98 92 91 89 94 94 94 89 79 84 87 91 91 103 99 99 89 101 100 95 96 96 97 100 101 96 98 68 82 79 79 79 84 87 84 99 86 72 66 88 90 86 84 84 87 91 57 42 82 89 86 88 83 82 89 91 99 96 84 84 88 85 86 91 89
94 91 96 93 99 100 98 96 93 92 92 49 78 86 90 89 89 94 92 84 78 87 61 84 90 87 87 97 97 88 96 97 95 92 95 95 89 70 88 88 89 93 91 92 93 95 98 97 100 99 97 99 99 98 96 107 100 89 73 106 99 66 87 85 58 36 81 84 92 85 77 87 83 85 59 71 90 84 85 91 88 86 90 83 88 91 98 99 93 81 86 87 85 85 85 88
94 103 104 102 100 104 104 98 100 96 95 91 94 94 93 96 96 94 94 92 93 85 96 93 94 92 104 98 95 92 95 97 94 104 98 96 95 93 92 92 90 94 93 96 97 97 97 96 98 99 101 99 105 101 109 112 106 94 59 95 91 35 55 90 77 82 69 90 76 74 91 77 88 81 48 88 84 86 77 87 94 84 89 94 88 101 97 100 85 83 86 91 90 86 83 81
93 101 103 104 95 103 101 97 98 96 96 96 101 91 95 101 99 97 99 93 92 84 95 96 98 84 106 98 94 92 96 99 94 103 101 96 92 91 92 93 93 90 95 96 100 100 96 96 98 104 102 98 107 104 107 106 105 99 58 81 99 95 87 71 35 80 62 80 92 93 92 74 87 90 84 91 88 88 89 96 94 90 90 89 93 102 107 101 78 83 85 88 92 88 84 82
98 100 102 95 93 98 101 95 92 87 94 96 97 98 99 106 103 104 97 90 94 94 101 101 98 90 100 96 98 97 97 103 95 91 103 103 101 96 100 95 92 95 95 93 102 99 96 97 97 106 102 103 109 111 111 111 105 73 83 79 70 84 83 91 90 89 89 93 99 94 91 84 85 94 72 87 75 89 86 93 94 89 93 97 100 107 107 103 103 89 92 95 90 88 86 89
99 103 99 96 94 95 93 97 95 96 98 98 102 105 97 105 101 102 96 95 102 99 103 104 102 100 105 101 105 109 107 101 94 92 101 104 95 107 100 100 98 102 103 100 104 98 104 106 100 108 107 103 108 111 112 114 102 69 81 101 96 86 74 83 92 93 79 89 95 92 89 81 88 93 89 84 87 78 82 87 96 97 97 97 101 100 106 106 102 95 99 94 86 87 92 93
109 113 109 106 99 85 83 96 102 101 98 103 101 97 92 107 108 101 100 100 106 98 109 105 109 106 102 95 93 95 89 97 96 98 103 101 97 101 105 101 102 102 104 102 99 97 103 113 107 101 107 105 112 117 113 101 94 61 91 103 99 97 100 88 75 80 84 95 95 93 91 91 78 90 87 94 88 97 92 100 99 99 98 100 99 98 104 107 101 102 99 95 95 93 94 90
106 110 114 111 111 94 97 98 96 97 97 103 97 98 99 100 106 102 109 104 101 102 113 111 100 105 94 90 93 86 96 95 98 100 102 103 103 100 103 100 103 100 101 99 105 105 102 107 106 103 107 111 109 101 108 100 77 97 89 102 102 101 101 96 81 89 86 90 98 96 90 95 84 93 85 95 80 97 96 94 94 96 102 100 100 101 100 111 106 98 99 94 92 95 100 100
111 108 111 113 115 110 111 111 109 104 103 103 106 108 106 101 99 100 105 100 118 106 105 107 94 99 92 95 95 90 94 96 93 93 97 97 102 108 102 101 106 105 107 103 103 104 104 106 104 106 104 96 85 80 99 85 97 96 95 99 102 103 102 98 92 85 93 85 99 98 97 98 90 81 101 99 87 90 101 100 102 103 102 104 99 107 103 103 100 96 97 101 99 102 105 102
103 108 113 105 111 116 111 114 113 102 104 107 111 116 106 103 103 102 106 112 108 106 111 108 99 99 99 91 99 94 97 99 97 100 99 98 103 104 106 109 110 104 108 115 113 108 108 109 106 111 91 90 99 98 107 91 96 85 97 95 103 104 100 87 98 88 91 88 100 99 90 96 93 82 100 98 99 85 98 95 101 92 100 104 106 100 100 109 97 99 98 98 94 101 105 106
111 112 115 112 107 111 115 112 116 114 104 114 108 109 106 106 107 108 110 112 111 101 111 103 105 103 100 99 101 101 95 100 99 104 104 103 99 98 109 106 105 112 113 110 117 114 96 68 72 77 79 99 96 102 105 104 106 109 102 92 98 104 103 105 105 97 75 91 94 83 88 92 91 87 98 75 99 105 105 100 107 77 91 113 110 100 109 113 107 101 100 104 102 104 102 108
109 113 115 109 112 115 116 116 116 116 109 106 105 104 103 107 107 105 112 109 99 99 101 104 102 100 101 101 99 101 100 102 101 105 108 107 112 109 111 117 113 110 113 110 98 91 68 79 97 107 110 109 110 108 106 107 108 110 107 99 104 110 105 103 107 104 84 92 99 99 71 74 101 90 99 83 101 105 97 99 104 108 106 108 111 110 103 105 104 104 104 103 107 110 103 115
100 118 115 117 118 117 115 115 116 114 111 114 109 104 106 107 102 104 114 104 105 103 104 98 101 98 101 103 106 101 98 104 108 104 107 106 106 107 110 109 111 111 108 91 76 68 95 103 105 106 105 104 106 109 108 109 106 106 108 97 102 109 109 110 103 96 91 90 99 99 95 90 104 97 98 110 98 105 106 99 105 99 106 112 109 108 110 111 110 105 105 107 109 111 110 120
97 117 114 117 122 121 116 116 116 114 107 111 112 108 108 111 114 107 105 101 102 100 93 85 104 99 99 102 105 104 102 105 107 110 103 105 99 102 100 97 104 105 70 68 102 109 107 109 103 103 102 104 104 105 111 108 106 107 105 98 109 112 111 112 109 96 94 95 101 100 94 100 96 102 85 103 109 106 107 107 107 110 108 105 102 112 111 103 112 108 106 110 113 115 120 122
102 109 121 116 123 121 119 119 119 117 116 112 108 110 113 113 110 112 109 101 99 100 78 98 100 101 103 102 103 93 104 103 104 102 102 106 105 107 109 108 61 83 103 107 105 103 107 103 103 102 104 103 106 104 103 106 107 109 105 93 115 114 111 113 105 91 85 79 95 102 104 79 88 107 93 103 90 105 108 110 108 108 105 109 110 109 115 115 104 109 102 112 108 110 118 118
110 109 106 107 106 109 112 115 112 116 115 110 110 109 104 118 112 107 114 103 102 102 100 97 99 100 102 95 103 104 94 101 102 103 107 112 110 108 102 84 78 100 110 109 109 100 97 101 107 103 105 106 110 112 110 110 110 108 109 99 109 115 111 112 107 109 82 94 98 103 104 103 104 106 98 92 103 99 106 111 110 100 113 111 109 115 114 112 115 110 116 111 111 111 118 120
118 119 115 117 119 118 119 120 118 114 119 112 113 109 115 111 110 115 123 108 106 103 102 99 93 99 103 93 100 99 103 104 105 107 106 100 80 76 68 66 102 106 112 109 106 105 108 102 103 107 108 110 112 114 114 111 114 112 102 102 108 117 114 112 106 91 98 95 94 110 107 86 102 108 101 79 105 101 109 113 113 108 108 104 114 110 115 116 113 111 112 115 104 112 119 115
115 118 118 120 122 119 120 123 120 120 107 111 113 109 114 117 120 116 117 112 104 104 102 97 94 98 88 99 100 94 106 105 96 79 60 85 93 102 109 107 105 112 100 96 100 103 106 107 107 105 106 101 111 102 86 84 103 111 107 105 113 113 114 112 81 97 84 84 97 106 107 107 109 103 98 91 100 105 99 112 113 107 112 118 118 116 113 113 110 111 119 114 118 119 118 120
