NDVI Matrices/GreenMatrix14.asc
ncols		30
nrows		30
xllcorner    -27000.000000000000
yllcorner    2099760.000000000000
cellsize	10000
NODATA_value	-9999
    0    0    0    0    0    0    0    0    0    0    0    0    0    0    0    0    0    0    0    0    0    0    0    0    0    0    0    0    0    0
    0    0    0    0    0    0    0    0    0    0    0    0    0    0    0    0    0    0    0    0    0    0    0    0    0    0    0    0    0    0
    0    0    0    0    0    0    0    0    0    0    0    0    0    0    0    0    0    0    0    0    0    0    0    0    0    0    0    0    0    0
    0   47  132   39   33   33   38    0    0    0    0    0    0    0    0    0    0    0    0    0    0    0    0    0    0    0    0    0    0    0
    0   47  132   39   33   33   38    0    0    0    0    0    0    0    0    0    0    0    0    0    0    0    0    0    0    0    0    0    0    0
    0   45  131   38   32   32   37    0    0    0    0    0    0    0    0    0    0    0    0    0    0    0    0    0    0    0    0    0    0    0
    0   43  129   35   30   30   37    0    0    0    0    0    0    0    0    0    0    0    0    0    0    0    0    0    0    0    0    0    0    0
  159   91  139  125  106  106   65   13   98   31   41   41    0    0    0    0    0    0    0    0    0    0    0    0    0    0    0    0    0    0
  158  118  161  154  140  140   67   14   99   32   44   44    0    0    0    0    0    0    0    0    0    0    0    0    0    0    0    0    0    0
  145  139  168  168  155  155   94  134  117   89   78   78  177  160   20  138  138  188  189  194    8    0    0    0    0    0    0    0    0    0
  119  154  161  164  153  153  147  148  154  142  152  152  177  161   22  140  140  189  189  193    8    0    0    0    0    0    0    0    0    0
  120  168  157  169  161  161  180  165  177  171  187  187  183  165  146  157  157  190  188  181  182  190  190  189   11   27  158  158  145   53
  152  178  156  183  179  179  194  184  182  171  180  180  195  174  183  193  193  193  188  154  196  191  191  190   12   30  159  159  147   56
  177  187  168  195  185  185  194  191  184  175  184  184  198  181  199  214  214  202  195  166  208  202  202  199  160   88  171  171  164   98
  194  195  192  204  179  179  180  185  182  183  199  199  192  186  194  217  217  216  209  218  218  224  224  218  200  176  196  196  201  185
  204  203  206  208  185  185  181  187  190  192  210  210  197  195  197  220  220  223  218  240  224  235  235  229  222  221  209  209  219  227
  205  212  210  207  203  203  198  197  206  201  215  215  215  210  209  223  223  222  222  234  226  232  232  230  222  222  207  207  216  218
  206  216  211  206  210  210  206  201  213  204  218  218  223  216  214  224  224  223  224  232  227  231  231  230  221  221  207  207  214  213
  205  215  210  206  209  209  205  200  212  203  217  217  221  215  213  225  225  223  224  233  227  231  231  230  222  221  207  207  214  213
  208  218  212  206  209  209  205  203  214  205  217  217  220  217  214  223  223  219  222  228  226  230  230  228  218  222  207  207  217  217
  216  223  217  207  212  212  206  213  220  211  215  215  218  221  218  219  219  210  219  217  222  228  228  225  210  224  207  207  226  224
  219  220  218  210  216  216  211  217  220  216  219  219  221  221  218  219  219  213  223  217  219  226  226  222  212  224  209  209  228  226
  215  207  214  214  222  222  222  217  215  220  226  226  227  217  212  223  223  230  233  227  218  224  224  221  225  224  213  213  223  222
  216  209  215  222  223  223  227  216  213  216  223  223  224  214  210  223  223  228  233  228  215  223  223  220  229  224  219  219  221  219
  220  227  221  233  219  219  227  212  215  202  212  212  210  212  210  219  219  205  221  220  210  221  221  221  225  224  226  226  219  217
  207  220  207  224  212  212  217  207  209  197  204  204  204  207  207  213  213  196  210  217  212  217  217  216  219  220  226  226  217  212
  177  189  171  194  200  200  195  199  195  202  201  201  204  198  201  202  202  200  200  218  221  210  210  206  213  210  219  219  215  207
  163  174  155  180  196  196  185  196  189  204  199  199  204  194  198  198  198  202  196  218  225  207  207  202  210  205  216  216  214  204
  165  177  158  182  196  196  187  196  190  204  200  200  205  195  198  198  198  201  197  218  225  207  207  203  210  206  216  216  214  205
  167  178  159  183  197  197  187  197  190  203  200  200  205  195  199  199  199  201  197  218  224  207  207  203  211  206  217  217  214  205