NDVI Matrices/GreenMatrix11.asc
ncols        129
nrows        129
xllcorner    0.000000000000
yllcorner    -129.000000000000
cellsize     1.000000000000
NODATA_value 0
[rows 42 to 83 of 129, columns 0 to 94 of 129]
99 97 92 105 109 112 109 107 106 112 63 26 24 90 61 9 11 11 11 10 7 7 9 10 7 6 6 5 7 9 21 122 113 91 114 119 123 129 114 116 119 110 97 72 87 84 11 10 11 9 8 11 8 11 0 0 0 0 0 0 0 0 0 0 0 0 0 0 0 0 0 0 0 0 0 0 10 10 6 7 7 7 7 12 12 12 13 15 16 11 13 15 17 7 15
102 106 102 111 110 111 110 105 103 98 57 28 40 75 74 26 19 13 7 11 8 11 10 11 6 5 6 8 6 13 36 105 122 124 120 117 90 60 32 31 28 24 26 21 13 39 48 62 15 8 9 10 12 7 0 0 0 0 0 0 0 0 0 0 0 0 12 13 13 12 9 7 12 10 10 6 9 11 8 11 7 9 9 7 7 12 15 15 14 18 18 12 14 10 12
115 116 112 113 111 108 108 107 104 94 80 56 43 69 76 54 25 19 23 24 23 20 18 16 14 11 7 14 12 15 43 107 112 117 110 101 84 69 52 48 46 35 33 35 38 67 98 103 92 76 56 23 13 9 6 0 0 0 4 0 1 0 0 0 1 1 18 10 10 10 17 9 7 8 10 8 10 8 10 10 10 10 8 38 38 17 51 75 58 60 101 82 50 71 54
118 119 120 116 116 117 115 114 112 108 101 79 75 76 83 76 53 32 40 42 32 35 18 20 17 15 14 17 23 31 54 99 113 111 102 101 92 86 74 59 60 54 51 47 61 97 102 103 95 88 81 55 40 16 9 5 0 4 4 3 0 0 0 2 4 16 20 21 15 27 15 11 7 9 6 16 27 20 21 24 21 19 20 29 16 21 35 48 60 93 91 93 79 83 74
120 122 119 115 115 119 120 115 113 113 118 109 102 98 92 91 78 81 76 76 77 79 71 65 52 51 51 54 44 51 66 93 106 105 93 98 93 87 80 84 82 81 78 73 93 105 108 109 98 92 81 75 74 37 12 5 0 0 0 4 4 2 6 11 24 31 34 41 46 55 43 40 23 17 14 7 27 25 36 43 72 89 100 92 91 105 90 103 110 113 110 108 106 106 100
127 125 122 111 114 117 112 116 113 117 117 114 112 108 100 98 87 85 89 89 86 100 103 86 86 78 70 68 62 64 65 77 102 107 105 99 93 88 80 81 96 93 87 90 105 109 110 97 100 99 99 94 80 47 30 14 8 6 3 4 4 5 19 50 65 71 83 82 84 89 83 77 75 51 34 27 24 46 54 49 95 113 114 107 111 115 118 122 118 116 115 112 113 123 117
124 123 119 116 115 115 116 114 112 119 112 116 109 103 103 101 99 97 96 104 102 106 107 101 94 81 86 81 86 95 85 101 109 111 117 96 97 101 99 107 112 115 115 113 108 104 107 103 106 99 103 99 87 80 58 22 8 4 6 9 7 7 13 39 74 84 98 96 94 111 82 100 99 78 69 50 33 58 102 101 103 117 118 118 116 113 113 120 115 110 113 108 106 110 111
119 116 110 116 115 119 118 118 117 117 115 114 110 99 100 99 107 105 107 105 106 104 104 105 102 101 97 99 105 111 108 112 109 117 115 103 93 98 110 106 114 118 116 116 108 111 109 106 106 103 101 97 76 76 81 15 9 6 8 9 7 15 25 59 78 81 104 91 84 113 93 92 94 90 77 51 95 114 101 117 119 119 116 117 111 113 106 113 116 106 116 103 114 116 107
117 109 108 116 120 119 116 121 123 120 116 113 108 108 108 107 112 114 116 114 116 113 115 113 112 103 104 111 116 113 113 115 117 124 117 116 108 98 112 113 120 122 120 119 105 109 113 117 120 114 114 129 125 120 122 111 97 87 37 10 11 35 41 104 102 91 101 90 94 97 99 106 68 77 92 105 115 120 115 115 115 121 121 115 112 112 119 121 118 116 119 111 102 117 102
113 113 113 116 115 112 113 119 119 121 119 114 107 106 108 117 119 118 116 113 116 117 118 107 111 113 115 106 117 119 113 121 117 122 119 117 122 114 110 115 114 110 113 116 116 119 121 120 117 116 117 117 112 117 123 111 78 91 67 61 13 39 96 103 103 103 104 108 96 88 75 87 98 115 97 116 124 121 119 119 117 118 114 114 105 113 117 118 109 112 114 109 116 115 106
108 117 116 107 109 110 114 121 124 123 121 114 115 114 119 122 127 114 116 116 114 124 110 115 111 119 116 119 115 113 109 107 108 123 119 109 113 113 112 118 111 106 117 122 118 123 120 120 117 119 121 112 110 118 116 120 110 91 87 84 62 31 105 102 105 105 101 101 115 92 104 85 121 127 112 116 124 123 116 116 115 116 113 110 111 117 115 117 116 111 106 107 114 108 104
110 84 125 121 119 117 119 127 123 114 119 116 117 110 110 116 115 105 111 118 112 110 109 109 104 118 117 125 129 121 120 115 115 115 119 121 119 114 90 92 116 117 109 117 117 118 110 104 114 109 105 98 102 116 121 120 111 105 107 107 113 108 103 105 114 96 105 103 105 57 103 118 119 126 126 124 119 107 112 109 113 117 115 106 112 109 108 108 97 102 103 108 109 102 103
134 134 130 131 126 118 116 128 121 122 123 122 122 120 121 114 121 114 114 117 119 123 117 114 110 113 115 121 117 128 122 113 117 111 111 100 117 111 102 104 118 111 111 113 100 110 114 116 111 101 112 116 119 116 115 120 108 110 107 112 113 114 117 100 108 111 112 110 82 76 118 119 113 121 121 120 117 118 114 111 114 110 111 111 108 112 113 116 107 108 108 106 107 106 99
134 132 130 131 129 117 112 125 135 130 123 130 127 119 115 117 118 113 114 119 115 111 116 115 115 122 113 123 127 114 104 104 115 113 115 124 115 120 117 115 121 116 118 114 107 109 104 95 104 121 120 124 118 114 113 107 108 112 114 117 113 104 113 122 110 111 104 109 84 124 125 115 113 118 123 119 119 121 115 107 114 111 112 99 94 102 113 113 109 114 114 116 106 105 108
130 125 122 115 121 124 119 125 130 127 125 127 124 119 128 113 116 116 119 106 107 119 114 115 119 109 112 112 90 96 82 100 118 120 123 122 129 122 114 109 118 119 124 122 108 112 108 119 114 118 107 114 113 115 108 108 121 124 122 123 121 98 101 127 96 115 116 109 80 136 120 119 117 111 121 119 123 120 105 116 124 118 114 114 112 106 113 118 117 113 117 113 103 110 108
119 121 112 110 119 127 128 115 124 124 114 121 129 123 97 104 120 114 120 117 115 117 113 116 114 113 107 118 120 95 101 119 121 116 119 119 122 122 116 111 122 119 129 125 126 123 116 121 120 121 122 119 114 110 129 135 132 123 114 121 128 114 112 129 120 124 119 86 115 115 113 124 119 124 118 120 116 122 113 116 118 114 121 118 119 118 119 120 120 111 114 107 105 110 105
120 117 103 118 127 129 133 123 117 122 121 122 122 122 119 110 117 121 124 115 122 123 118 122 111 112 110 91 94 100 100 115 116 113 117 122 114 117 117 111 117 118 122 125 120 121 118 112 114 124 118 108 111 132 136 132 127 130 122 132 134 116 117 120 127 132 122 100 122 117 120 118 119 120 124 123 117 118 116 115 113 123 123 115 114 123 124 125 121 117 122 111 112 101 103
121 123 123 119 106 132 127 109 106 122 107 120 118 117 119 117 108 117 120 117 120 118 123 126 119 86 52 71 109 117 112 111 116 124 120 116 104 111 112 96 118 118 119 123 128 121 117 123 127 117 117 113 127 127 123 120 124 126 130 132 129 123 131 133 125 114 100 94 119 101 121 128 124 121 121 121 122 118 119 122 115 111 120 125 129 132 135 133 131 128 126 115 112 105 109
118 125 127 117 117 119 116 88 114 123 108 104 109 109 115 129 127 126 112 109 104 110 126 113 81 70 46 72 85 114 115 117 119 116 118 117 118 105 106 89 114 114 129 137 138 130 117 115 116 119 117 123 125 126 127 128 127 129 135 128 127 107 97 128 129 129 114 93 132 125 120 130 129 129 124 125 127 124 116 125 126 120 116 125 125 127 127 126 127 124 119 116 111 114 110
109 123 118 123 123 117 116 109 87 109 114 110 122 118 121 122 113 97 79 94 122 126 115 110 107 106 81 95 110 118 123 128 106 113 112 119 114 119 115 115 120 123 125 127 129 126 119 121 122 126 129 133 134 127 130 132 135 134 134 133 125 121 111 132 129 126 88 119 126 121 115 125 129 127 126 128 127 127 128 128 127 122 124 127 127 130 132 133 126 127 126 115 117 108 105
113 114 108 122 123 119 114 109 122 121 109 118 125 123 117 116 117 115 100 59 119 123 125 119 109 122 121 115 120 123 120 117 116 117 118 117 116 118 116 112 109 120 133 121 128 125 117 115 128 134 131 124 128 132 136 137 135 136 131 132 132 122 128 134 129 124 101 126 123 122 131 131 129 128 126 129 129 129 131 125 123 124 129 131 129 133 129 130 129 132 121 115 115 114 107
106 104 116 126 125 121 115 107 87 111 119 120 118 107 112 114 119 117 129 119 122 124 123 122 124 116 115 98 91 117 118 120 124 121 122 120 118 113 121 119 111 125 123 130 125 116 119 131 137 130 121 123 131 133 135 135 136 134 131 133 122 118 126 120 103 105 123 127 124 122 129 129 132 132 128 131 128 128 123 127 124 124 121 124 130 126 126 124 128 128 123 120 115 118 109
120 104 126 126 132 132 123 112 59 83 108 130 125 105 110 118 117 121 124 120 120 123 124 124 116 123 128 130 122 124 116 129 119 117 119 119 119 123 126 128 127 125 119 121 115 117 128 135 130 131 129 137 133 133 137 139 136 126 124 131 128 127 129 123 106 127 143 134 131 124 128 129 129 129 129 132 135 133 127 123 124 128 124 121 130 130 122 124 122 122 121 111 117 114 113
116 117 130 123 125 130 127 120 110 98 101 112 110 121 119 106 119 124 119 116 100 115 132 129 119 126 132 131 125 123 120 119 125 122 122 118 121 121 132 133 132 129 117 109 124 129 130 131 112 117 129 139 131 134 134 138 133 132 131 130 128 139 139 135 139 116 139 132 128 126 129 125 128 129 133 133 127 127 130 129 124 130 128 122 126 127 128 122 131 128 124 114 117 115 116
106 122 134 132 135 128 131 127 130 130 131 111 105 111 114 120 125 128 125 124 127 127 126 126 117 125 120 117 112 93 120 119 121 129 131 122 118 116 126 127 122 119 125 126 135 131 119 123 125 125 130 134 132 137 132 131 116 110 130 143 141 135 131 113 105 139 123 123 129 129 128 126 127 129 134 129 124 125 133 129 128 131 134 134 129 132 125 131 131 129 125 118 115 117 111
107 125 124 128 140 132 129 128 130 97 108 127 119 123 111 119 126 124 125 114 125 127 125 125 130 124 118 132 130 125 125 120 130 133 130 130 120 125 125 117 117 120 136 132 139 140 113 114 120 118 129 134 132 133 130 125 140 126 120 139 145 144 145 120 130 125 116 117 124 123 129 124 127 131 128 134 129 131 131 130 128 131 136 132 131 131 131 131 127 130 124 122 116 107 116
122 123 123 134 142 136 135 131 131 126 125 120 110 114 129 126 127 127 128 127 110 85 111 130 133 125 124 124 126 124 114 121 135 126 129 128 127 122 131 125 118 127 123 133 135 138 132 132 131 132 131 137 133 132 130 135 144 133 116 107 119 144 126 129 122 124 118 116 120 121 129 125 125 129 134 132 130 132 135 130 132 133 135 134 130 130 125 128 127 124 124 120 120 106 114
114 112 120 135 132 125 132 135 127 128 126 117 115 126 129 131 128 127 131 135 88 92 114 129 127 122 127 131 120 115 126 124 134 130 125 119 111 117 122 125 121 119 134 141 138 139 124 126 124 129 135 135 133 135 137 103 136 133 137 114 137 131 130 121 121 125 120 124 125 127 132 130 129 131 129 129 130 132 129 132 136 135 135 134 136 132 136 134 135 131 128 125 113 112 119
110 114 128 143 139 138 130 133 137 126 118 118 127 133 133 136 127 130 121 124 127 128 126 126 121 115 126 130 127 118 134 136 132 123 103 131 126 127 124 129 123 120 127 126 128 134 132 128 124 132 138 130 132 132 126 124 132 132 131 128 124 126 132 121 127 127 102 119 127 124 134 129 132 134 134 129 128 134 129 131 135 127 130 135 136 133 131 130 130 130 128 131 127 116 129
126 110 129 143 142 139 136 133 131 131 127 129 129 127 121 127 131 125 110 124 127 127 126 130 133 128 128 118 124 133 131 129 125 134 133 135 130 122 122 122 120 137 132 133 130 132 116 90 132 136 141 133 135 127 116 107 141 135 139 130 118 120 128 121 123 122 113 113 123 129 136 134 135 134 134 135 131 131 133 136 134 132 131 131 132 133 131 131 132 131 129 130 124 131 123
114 123 124 130 133 136 133 125 123 121 133 124 127 128 131 131 128 125 127 131 131 132 132 135 132 133 135 135 135 130 122 134 134 133 140 135 128 128 118 111 122 138 138 144 142 138 132 135 134 138 133 137 135 130 118 112 139 139 131 127 123 118 123 132 135 129 126 125 127 128 134 134 134 133 130 127 126 129 128 134 135 133 132 131 132 131 131 132 130 129 131 131 120 127 118
110 125 129 138 139 136 132 116 123 120 128 124 119 126 129 134 136 125 111 117 132 132 129 132 130 126 127 129 133 132 125 120 134 138 137 131 125 122 114 129 134 135 139 138 138 137 121 132 138 138 139 137 131 124 123 120 126 141 132 126 116 130 128 133 135 130 124 124 131 127 130 135 135 136 135 131 128 130 131 132 135 132 132 131 129 127 130 129 128 129 129 116 126 126 121
114 124 124 129 135 129 128 119 120 124 85 114 130 130 131 134 137 132 126 130 126 121 112 133 130 124 123 133 134 128 130 136 139 137 134 123 127 120 135 138 137 142 138 138 144 144 141 142 136 140 143 143 127 134 136 90 119 139 135 128 129 131 130 128 125 122 126 131 131 136 137 139 136 136 133 136 132 130 134 132 132 130 130 130 132 131 134 135 131 128 123 124 122 125 121
120 126 132 129 138 129 122 126 128 128 121 127 132 135 131 124 123 131 128 135 132 126 133 132 140 139 136 135 134 131 126 137 137 120 127 124 131 127 140 139 138 141 137 141 143 147 143 147 142 127 141 140 128 137 142 105 89 137 141 132 126 83 119 129 128 122 122 130 132 129 140 139 134 137 133 130 130 134 133 130 131 126 127 130 130 132 131 132 130 130 129 126 123 124 120
113 125 139 138 140 138 133 139 135 127 130 120 123 132 122 120 126 129 131 136 134 135 130 126 136 138 135 132 138 137 139 132 135 135 137 138 134 126 135 136 137 142 143 142 143 145 147 145 145 150 149 139 125 141 141 121 95 138 138 125 136 134 129 130 130 127 129 130 132 129 139 143 145 143 134 133 131 135 133 130 131 132 130 132 131 132 131 134 132 130 130 121 133 131 120
114 130 138 135 136 138 127 130 131 113 128 133 128 131 130 129 129 134 132 139 140 138 135 132 135 134 131 135 139 136 129 129 134 142 140 142 141 133 135 139 137 135 141 144 137 123 140 141 143 144 145 132 141 144 143 131 94 140 138 126 133 133 128 134 136 133 130 131 134 135 131 139 143 143 134 135 134 134 134 130 130 128 132 132 128 132 130 131 124 129 131 126 130 135 127
117 126 138 143 137 142 142 138 141 136 140 142 132 120 137 140 135 124 132 137 134 132 129 132 139 135 129 137 138 129 132 135 135 142 139 142 134 125 144 140 131 140 140 144 147 145 138 140 142 142 133 139 142 143 137 137 96 143 145 130 127 137 137 132 125 120 113 127 131 133 145 142 142 138 137 136 133 131 134 132 129 132 130 130 131 126 129 128 131 133 132 131 130 131 132
119 126 130 123 128 134 142 145 146 142 124 124 132 137 135 136 134 136 136 135 134 129 134 140 140 138 140 147 142 143 146 139 142 143 141 143 141 134 146 147 146 145 143 142 145 146 143 141 143 139 135 147 141 142 143 125 96 143 142 133 128 135 138 126 124 119 132 127 129 127 148 148 143 142 133 131 130 131 130 131 131 131 132 130 127 129 132 133 133 134 132 128 127 126 130
123 112 107 120 118 134 138 139 138 136 138 134 129 132 136 136 133 139 140 131 133 133 137 141 140 141 141 142 142 144 145 142 142 147 141 145 134 138 147 145 150 147 149 144 141 139 138 140 147 140 142 147 137 141 143 133 98 143 145 137 129 146 134 133 134 133 131 133 133 142 144 150 145 138 140 133 133 133 131 130 131 131 131 128 131 130 130 132 129 134 131 132 131 126 136
134 135 137 128 117 115 127 132 115 117 120 129 134 133 134 130 127 131 134 137 120 131 132 126 126 131 135 135 134 137 143 148 151 145 141 129 135 143 148 144 144 147 144 148 146 149 148 145 135 144 147 151 147 148 145 139 95 137 142 132 128 141 135 137 136 133 136 130 135 137 148 145 153 149 143 137 132 133 131 133 132 129 129 127 126 135 133 134 136 126 131 133 132 132 133
144 143 137 139 136 127 118 122 111 108 111 122 135 136 128 135 129 126 114 125 132 138 137 139 133 129 124 132 138 138 139 144 147 145 138 144 144 144 150 150 148 146 148 149 149 150 145 144 149 154 153 145 147 149 145 144 118 135 142 143 132 126 134 132 131 124 134 139 140 141 146 146 150 147 143 138 132 132 138 134 135 137 132 130 130 134 131 135 134 122 131 134 137 131 131
147 143 140 137 133 133 129 123 126 134 126 116 118 125 136 135 123 122 134 136 135 123 113 122 130 131 135 126 134 141 142 133 127 136 139 147 145 143 148 146 148 150 148 146 138 133 138 142 148 148 149 144 150 145 142 138 135 115 143 141 135 129 128 136 136 134 134 139 141 145 149 145 151 146 144 139 135 136 136 137 137 137 134 133 132 133 135 136 139 138 135 131 131 132 131
