NDVI Matrices/GreenMatrix2.asc
ncols		30
nrows		30
xllcorner    -27000.000000000000
yllcorner    2099760.000000000000
cellsize	10000
NODATA_value	-9999
   0   0   0   0   0   0   0   0   0   0   0   0   0   0   0   0   0   0   0   0   0   0   0   0   0   0   0   0   0   0
   0   0   0   0   0   0   0   0   0   0   0   0   0   0   0   0   0   0   0   0   0   0   0   0   0   0   0   0   0   0
   0   0   0   0   0   0   0   0   0   0   0   0   0   0   0   0   0   0   0   0   0   0   0   0   0   0   0   0   0   0
   0  35  37  38  38  38  34   0   0   0   0   0   0   0   0   0   0   0   0   0   0   0   0   0   0   0   0   0   0   0
   0  35  37  38  38  38  34   0   0   0   0   0   0   0   0   0   0   0   0   0   0   0   0   0   0   0   0   0   0   0
   0  35  37  38  38  38  34   0   0   0   0   0   0   0   0   0   0   0   0   0   0   0   0   0   0   0   0   0   0   0
   0  35  37  38  38  38  34   0   0   0   0   0   0   0   0   0   0   0   0   0   0   0   0   0   0   0   0   0   0   0
  39  37  37  38  38  38  36  38  39  37  37  37   0   0   0   0   0   0   0   0   0   0   0   0   0   0   0   0   0   0
  39  38  36  38  37  37  37  38  39  37  37  37   0   0   0   0   0   0   0   0   0   0   0   0   0   0   0   0   0   0
  38  38  36  38  37  37  38  39  39  37  37  37  36  38  36  37  37  39  40  35  32   0   0   0   0   0   0   0   0   0
  37  36  37  38  38  38  39  41  40  38  38  38  36  38  37  37  37  39  40  35  32   0   0   0   0   0   0   0   0   0
  36  34  37  40  38  38  36  41  38  38  39  39  37  39  39  38  38  39  40  36  34  36  36  38  37  39  40  40  37  39
  36  35  35  39  38  38  37  40  41  38  38  38  39  41  40  38  38  37  39  37  37  36  36  38  37  39  40  40  37  39
  37  36  38  39  38  38  36  38  41  37  38  38  40  41  40  39  39  37  38  39  38  37  37  38  38  40  39  39  37  39
  38  36  38  39  38  38  36  38  37  35  40  40  41  39  36  39  39  38  37  36  39  38  38  38  40  41  38  38  37  39
  39  36  39  38  37  37  36  37  35  35  40  40  38  38  35  39  39  39  38  36  39  39  39  38  40  41  37  37  36  38
  39  38  38  36  37  37  36  36  35  36  38  38  37  38  36  38  38  39  40  37  38  39  39  38  37  39  36  36  35  38
  40  38  38  35  36  36  37  35  35  37  37  37  37  38  37  38  38  39  41  36  38  39  39  37  36  38  35  35  34  37
  40  38  37  35  36  36  37  35  35  37  37  37  37  38  36  38  38  39  41  36  38  39  39  37  36  38  36  36  34  38
  40  38  38  36  38  38  37  36  36  37  38  38  37  37  37  37  37  38  40  38  38  39  39  37  38  38  35  35  35  37
  40  37  37  37  36  36  38  36  38  36  38  38  37  36  38  35  35  37  38  37  40  39  39  36  42  39  33  33  37  36
  40  39  37  38  37  37  39  37  39  37  39  39  38  37  39  35  35  37  38  38  40  38  38  37  44  39  34  34  38  37
  41  38  34  37  36  36  40  38  40  37  40  40  39  39  39  38  38  37  38  42  39  36  36  39  43  39  36  36  38  40
  40  37  36  37  38  38  39  38  40  38  40  40  41  40  38  38  38  41  40  43  42  40  40  45  45  40  38  38  37  41
  39  37  36  38  39  39  39  38  40  38  40  40  41  40  36  35  35  45  45  43  47  49  49  55  48  41  39  39  36  41
  38  36  35  37  39  39  40  39  39  38  39  39  42  43  42  36  36  45  49  44  50  51  51  57  47  53  42  42  40  42
  36  35  33  36  38  38  40  40  37  37  39  39  45  48  56  43  43  39  53  45  50  44  44  52  42  76  45  45  48  44
  34  34  33  35  37  37  40  41  35  37  39  39  46  50  63  44  44  36  55  45  50  41  41  49  39  87  45  45  52  46
  35  34  33  36  38  38  40  41  35  37  39  39  46  50  62  43  43  37  54  45  50  42  42  50  40  85  45  45  51  45
  35  34  33  36  38  38  40  41  35  37  39  39  46  49  61  43  43  37  54  45  49  42  42  50  40  84  45  45  51  45
