NDVI Matrices/GreenMatrix3.asc
ncols		30
nrows		30
xllcorner    -27000.000000000000
yllcorner    2099760.000000000000
cellsize	10000
NODATA_value	-9999
    0    0    0    0    0    0    0    0    0    0    0    0    0    0    0    0    0    0    0    0    0    0    0    0    0    0    0    0    0    0
    0    0    0    0    0    0    0    0    0    0    0    0    0    0    0    0    0    0    0    0    0    0    0    0    0    0    0    0    0    0
    0    0    0    0    0    0    0    0    0    0    0    0    0    0    0    0    0    0    0    0    0    0    0    0    0    0    0    0    0    0
    0   19   38   38   34   34   31    0    0    0    0    0    0    0    0    0    0    0    0    0    0    0    0    0    0    0    0    0    0    0
    0   19   38   38   34   34   31    0    0    0    0    0    0    0    0    0    0    0    0    0    0    0    0    0    0    0    0    0    0    0
    0   19   37   37   33   33   30    0    0    0    0    0    0    0    0    0    0    0    0    0    0    0    0    0    0    0    0    0    0    0
    0   19   37   37   33   33   30    0    0    0    0    0    0    0    0    0    0    0    0    0    0    0    0    0    0    0    0    0    0    0
   37   26   39   39   35   35   33   34   33   30   35   35    0    0    0    0    0    0    0    0    0    0    0    0    0    0    0    0    0    0
   37   30   43   44   35   35   35   34   33   30   35   35    0    0    0    0    0    0    0    0    0    0    0    0    0    0    0    0    0    0
   38   35   43   44   35   35   37   36   34   35   33   33   45   39   33   34   34   43   35   37   36    0    0    0    0    0    0    0    0    0
   39   32   40   38   35   35   37   36   38   39   30   30   45   39   33   34   34   42   35   37   36    0    0    0    0    0    0    0    0    0
   38   31   37   37   33   33   38   34   40   39   31   31   46   38   36   44   44   42   36   35   38   34   34   35   17   26   24   24   28   29
   34   31   34   39   33   33   39   38   38   33   35   35   47   35   41   48   48   40   37   30   44   34   34   35   17   26   25   25   29   29
   37   34   39   40   38   38   39   38   38   34   45   45   46   35   44   51   51   43   38   34   46   41   41   50   44   50   32   32   38   44
   46   40   53   41   49   49   37   31   40   39   52   52   42   37   46   54   54   51   38   47   45   54   54   55   49   54   42   42   55   50
   61   50   63   43   54   54   40   41   47   52   57   57   47   41   47   54   54   55   41   53   45   60   60   59   55   55   48   48   63   50
   84   63   68   46   53   53   50   66   59   72   61   61   62   47   48   53   53   57   46   51   47   59   59   61   62   52   49   49   58   45
   94   69   71   47   51   51   54   78   65   81   63   63   68   49   47   52   52   57   48   50   48   58   58   62   66   50   49   49   56   41
   93   68   70   45   50   50   51   76   64   79   61   61   65   47   45   52   52   56   47   50   46   57   57   61   64   49   48   48   56   41
   91   70   72   55   56   56   57   76   63   80   64   64   75   54   54   53   53   60   50   53   54   64   64   64   69   55   53   53   54   45
   89   75   78   78   68   68   71   78   63   83   71   71   97   69   74   54   54   68   58   60   70   79   79   71   80   68   63   63   49   54
   75   67   75   82   72   72   84   78   66   96   83   83  113   91   91   58   58   74   68   73   78   88   88   78   87   78   74   74   60   68
   46   46   63   66   68   68   97   76   73  119  101  101  122  120  105   66   66   78   82   90   78   90   90   85   90   85   86   86   88   88
   47   49   61   61   69   69   95   74   76  113  108  108  112  127  118   77   77   93   97   98   95  108  108  107  107   93  100  100  102  105
   77   74   69   67   72   72   77   73   76   77  106  106   84  111  133   92   92  121  112   96  130  137  137  146  137  101  115  115  106  119
   87   88   77   81   82   82   79   84   87   75  111  111   86  119  148  113  113  138  133  106  149  150  150  162  153  128  131  131  120  128
   76   89   86  102   97   97  100  109  110  109  125  125  117  151  165  141  141  144  160  128  153  152  152  154  154  172  149  149  144  135
   71   90   90  112  102  102  110  119  121  124  131  131  131  167  172  153  153  146  172  138  154  152  152  150  155  191  157  157  152  137
   72   90   90  110  100  100  109  118  119  122  130  130  129  164  171  151  151  145  169  136  154  152  152  151  155  188  156  156  150  137
   72   90   89  109  100  100  108  117  118  121  129  129  128  163  170  150  150  145  168  135  153  152  152  151  155  186  155  155  149  137