NDVI Matrices/GreenMatrix11.asc
ncols		30
nrows		30
xllcorner    -27000.000000000000
yllcorner    2099760.000000000000
cellsize	10000
NODATA_value	-9999
    0    0    0    0    0    0    0    0    0    0    0    0    0    0    0    0    0    0    0    0    0    0    0    0    0    0    0    0    0    0
    0    0    0    0    0    0    0    0    0    0    0    0    0    0    0    0    0    0    0    0    0    0    0    0    0    0    0    0    0    0
    0    0    0    0    0    0    0    0    0    0    0    0    0    0    0    0    0    0    0    0    0    0    0    0    0    0    0    0    0    0
    0   61  204   30   20   20   13    0    0    0    0    0    0    0    0    0    0    0    0    0    0    0    0    0    0    0    0    0    0    0
    0   61  204   30   20   20   13    0    0    0    0    0    0    0    0    0    0    0    0    0    0    0    0    0    0    0    0    0    0    0
    0   59  204   29   19   19   12    0    0    0    0    0    0    0    0    0    0    0    0    0    0    0    0    0    0    0    0    0    0    0
    0   55  205   27   17   17   11    0    0    0    0    0    0    0    0    0    0    0    0    0    0    0    0    0    0    0    0    0    0    0
  193  107  199  149  162  162  116   12  188   61  112  112    0    0    0    0    0    0    0    0    0    0    0    0    0    0    0    0    0    0
  193  164  186  178  184  184  134   13  189   64  115  115    0    0    0    0    0    0    0    0    0    0    0    0    0    0    0    0    0    0
  192  196  189  201  198  198  160  177  194  100  137  137  206  199   31  209  209  208  202  206    9    0    0    0    0    0    0    0    0    0
  189  203  209  215  205  205  199  206  206  176  186  186  206  199   33  210  210  208  202  206    9    0    0    0    0    0    0    0    0    0
  195  207  214  217  208  208  215  219  212  215  212  212  206  200  133  210  210  208  203  205  196  206  206  214    7   41  207  207  216   89
  210  209  206  208  205  205  210  214  211  212  214  214  205  203  192  212  212  208  204  203  207  206  206  214    8   45  207  207  216   92
  213  212  205  206  210  210  210  213  210  212  215  215  202  207  216  209  209  208  206  202  213  208  208  209  181   95  206  206  215  124
  205  213  211  212  223  223  216  218  208  217  216  216  198  211  203  202  202  207  209  202  213  212  212  200  201  176  205  205  213  191
  201  210  209  213  222  222  214  216  209  220  215  215  199  213  202  200  200  206  211  205  211  211  211  197  212  217  207  207  210  223
  201  204  201  211  208  208  206  208  213  224  211  211  205  211  216  202  202  206  212  210  207  205  205  202  211  212  214  214  206  217
  201  201  198  210  201  201  203  205  215  226  210  210  208  210  223  203  203  206  212  213  205  203  203  205  211  210  217  217  204  214
  201  201  199  211  203  203  204  206  216  227  211  211  208  210  223  203  203  206  213  213  205  203  203  205  210  210  217  217  204  214
  200  200  196  206  198  198  201  203  211  220  208  208  205  210  216  203  203  202  208  211  207  204  204  203  212  210  216  216  207  214
  197  196  188  194  187  187  196  196  202  204  201  201  198  209  202  202  202  192  199  206  209  203  203  200  214  210  213  213  211  213
  195  192  186  190  184  184  191  190  194  193  194  194  191  201  193  200  200  190  194  198  201  198  198  196  214  204  207  207  213  208
  194  189  190  192  191  191  187  184  186  186  188  188  184  186  187  195  195  196  194  186  181  188  188  192  210  194  198  198  213  198
  195  189  195  195  195  195  188  188  187  184  185  185  184  180  185  190  190  193  191  181  174  183  183  185  205  196  193  193  207  190
  199  194  201  197  194  194  194  200  194  187  186  186  190  184  186  186  186  183  184  181  178  185  185  175  196  209  194  194  195  185
  199  197  202  198  198  198  199  203  200  189  189  189  191  189  188  185  185  181  183  185  184  184  184  174  191  207  193  193  191  186
  195  198  197  197  205  205  202  195  206  190  192  192  188  194  191  187  187  189  188  192  191  182  182  183  191  191  190  190  194  193
  193  199  195  197  209  209  204  191  209  190  193  193  187  196  193  188  188  192  191  195  194  181  181  187  191  184  189  189  196  195
  193  199  195  197  208  208  203  192  208  190  193  193  187  196  192  187  187  191  190  194  193  181  181  186  190  185  189  189  196  195
  193  199  195  197  208  208  203  192  208  190  193  193  187  196  192  187  187  191  190  194  193  181  181  186  191  185  189  189  196  195