NDVI Matrices/GreenMatrix6.asc
ncols		30
nrows		30
xllcorner    -27000.000000000000
yllcorner    2099760.000000000000
cellsize	10000
NODATA_value	-9999
    0    0    0    0    0    0    0    0    0    0    0    0    0    0    0    0    0    0    0    0    0    0    0    0    0    0    0    0    0    0
    0    0    0    0    0    0    0    0    0    0    0    0    0    0    0    0    0    0    0    0    0    0    0    0    0    0    0    0    0    0
    0    0    0    0    0    0    0    0    0    0    0    0    0    0    0    0    0    0    0    0    0    0    0    0    0    0    0    0    0    0
    0   27  192   29   43   43   25    0    0    0    0    0    0    0    0    0    0    0    0    0    0    0    0    0    0    0    0    0    0    0
    0   27  192   29   43   43   25    0    0    0    0    0    0    0    0    0    0    0    0    0    0    0    0    0    0    0    0    0    0    0
    0   26  192   26   40   40   23    0    0    0    0    0    0    0    0    0    0    0    0    0    0    0    0    0    0    0    0    0    0    0
    0   24  190   19   34   34   21    0    0    0    0    0    0    0    0    0    0    0    0    0    0    0    0    0    0    0    0    0    0    0
  174   44  200  104   70   70   41   17   83   20   43   43    0    0    0    0    0    0    0    0    0    0    0    0    0    0    0    0    0    0
  173   62  221  195  149  149   65   19   86   23   47   47    0    0    0    0    0    0    0    0    0    0    0    0    0    0    0    0    0    0
  161  103  211  221  179  179  109   89  112   73   88   88  214  214   15   83   83  210  208  200   17    0    0    0    0    0    0    0    0    0
  135  169  171  187  161  161  174  155  167  162  175  175  215  213   18   86   86  211  208  198   20    0    0    0    0    0    0    0    0    0
  151  207  166  185  169  169  214  199  203  202  217  217  220  209   77  121  121  212  209  172  112  190  190  178    6   10  152  152  151   23
  209  216  196  216  203  203  229  218  215  186  210  210  232  200  175  195  195  216  208  118  190  191  191  180    7   13  154  154  153   26
  237  226  220  234  226  226  227  224  223  192  216  216  235  205  230  236  236  225  214  130  223  204  204  195  199  111  172  172  174  133
  238  238  236  237  236  236  208  217  228  221  235  235  228  225  235  239  239  238  226  213  207  231  231  229  219  200  209  209  220  206
  232  237  236  237  239  239  208  219  231  237  241  241  225  235  238  239  239  240  232  247  208  241  241  242  230  244  231  231  242  242
  221  223  221  233  233  233  226  229  233  238  233  233  226  238  240  237  237  232  234  238  226  231  231  234  234  241  234  234  237  237
  216  216  213  232  231  231  235  234  235  240  229  229  227  239  241  235  235  228  235  233  234  227  227  230  235  239  236  236  234  234
  218  217  215  233  233  233  235  234  236  241  231  231  228  239  242  236  236  230  236  233  233  228  228  231  235  239  236  236  234  235
  216  217  213  227  224  224  229  228  230  235  227  227  223  235  236  234  234  225  231  232  232  225  225  229  236  236  236  236  235  234
  211  216  207  214  207  207  217  216  218  222  220  220  214  225  223  227  227  213  222  229  230  216  216  226  238  231  236  236  238  233
  210  214  204  206  201  201  208  206  208  209  209  209  203  212  212  220  220  207  214  220  221  210  210  219  233  222  227  227  234  223
  213  211  203  204  206  206  204  199  200  197  195  195  189  196  201  212  212  208  208  205  204  206  206  209  221  210  210  210  225  206
  213  210  205  205  207  207  202  201  200  196  191  191  186  190  196  204  204  204  202  197  195  202  202  198  212  207  205  205  215  199
  211  212  210  209  204  204  201  214  209  205  197  197  195  193  196  195  195  194  197  197  192  198  198  186  207  214  212  212  207  203
  210  210  208  212  206  206  204  214  213  207  200  200  198  197  195  195  195  194  193  197  191  194  194  184  206  214  211  211  203  203
  211  205  198  213  213  213  210  203  213  202  200  200  195  203  194  203  203  203  190  196  193  189  189  191  209  207  204  204  202  197
  211  203  193  214  217  217  212  198  212  200  200  200  193  206  194  207  207  207  189  195  194  187  187  194  211  204  200  200  202  195
  211  204  194  214  216  216  212  199  212  201  199  199  194  205  194  206  206  206  189  196  194  188  188  194  210  204  201  201  202  195
  211  204  195  214  216  216  212  199  212  201  200  200  194  205  194  206  206  206  189  196  194  188  188  194  210  205  201  201  202  195