NDVI Matrices/GreenMatrix9.asc
ncols        129
nrows        129
xllcorner    0.000000000000
yllcorner    -129.000000000000
cellsize     1.000000000000
NODATA_value 0
[rows 84 to 125 of 129, columns 0 to 93 of 129]
158 158 158 141 132 143 146 147 150 146 147 144 135 132 129 133 151 151 146 144 149 141 136 145 145 147 150 140 149 150 153 146 140 146 146 148 147 148 155 157 155 152 149 152 146 150 153 153 154 153 152 153 159 151 148 147 142 138 152 155 148 143 150 150 146 147 152 148 156 161 156 156 150 148 143 146 146 150 149 150 150 149 147 148 144 144 142 149 151 149 144 142 142 145
152 150 155 153 150 153 150 153 153 153 142 143 151 150 148 139 156 157 156 153 151 145 143 134 147 145 148 146 150 150 146 150 152 149 144 150 154 159 156 154 150 151 151 153 153 152 153 155 154 156 159 162 160 155 152 149 134 126 154 154 150 149 160 149 140 149 156 152 153 156 157 156 153 151 147 141 145 149 150 150 150 145 146 148 148 150 148 153 154 145 149 146 140 137
142 137 150 150 142 147 147 147 135 148 151 143 144 148 141 142 153 157 149 143 153 147 149 147 146 146 144 144 148 143 146 153 154 143 139 140 151 156 155 153 154 156 154 152 151 153 154 156 156 154 154 158 161 154 153 149 143 124 154 159 155 154 151 152 152 152 152 153 154 158 160 156 155 148 145 146 145 144 150 149 151 149 147 147 149 149 148 150 151 149 148 149 145 149
137 139 149 155 150 145 145 139 145 142 152 147 146 153 142 152 126 142 146 148 152 155 155 151 150 149 149 147 140 138 148 146 153 147 145 151 158 156 151 155 157 159 155 155 154 155 154 154 158 157 158 156 155 154 154 152 161 115 148 158 158 154 148 143 145 150 148 149 149 160 162 151 149 147 144 142 145 146 147 148 146 146 149 149 147 148 152 149 150 153 151 147 146 153
145 140 146 152 158 137 138 146 148 149 147 145 147 152 139 140 143 143 150 152 146 143 147 154 154 154 156 147 150 150 152 152 157 149 152 156 162 160 162 161 161 154 151 154 156 152 152 155 159 159 160 158 155 154 152 161 164 139 162 158 158 154 150 153 147 147 148 148 154 156 158 158 151 148 146 146 149 150 151 152 151 149 150 149 151 152 152 150 152 149 150 151 149 155
156 153 158 162 161 149 132 144 144 143 138 135 150 150 158 153 148 144 153 152 153 148 148 146 148 154 156 149 144 156 159 162 163 166 164 160 161 164 168 166 161 157 160 157 157 156 160 163 160 159 160 154 149 153 153 156 158 164 122 154 156 153 152 155 151 151 147 151 149 156 161 157 149 149 149 148 148 148 152 147 148 149 149 151 155 149 154 151 151 154 155 157 155 156
160 161 158 158 161 161 151 143 146 141 131 154 155 152 156 162 163 162 160 160 162 154 139 145 150 160 158 151 159 160 167 167 164 163 163 161 161 160 156 156 159 160 158 158 156 155 159 159 157 160 161 159 161 161 167 160 158 165 122 158 154 153 150 152 150 146 152 150 151 152 160 160 149 150 149 148 148 151 154 155 149 152 160 156 153 150 149 153 152 159 157 157 155 155
166 169 166 166 159 165 157 144 130 137 150 157 149 150 157 159 165 162 161 162 160 150 157 160 159 159 160 158 157 160 166 166 164 159 157 158 157 153 154 153 157 153 159 159 154 154 157 153 157 162 153 164 156 154 162 162 170 163 134 161 155 154 151 155 156 156 151 153 151 152 163 154 150 150 150 152 152 151 150 150 150 156 159 150 155 150 150 154 159 158 160 160 158 155
155 159 157 167 172 159 164 158 153 156 159 150 156 155 168 163 165 161 162 160 153 159 156 159 161 160 159 162 163 163 166 169 165 156 159 159 158 158 152 156 153 153 156 155 159 160 160 156 159 163 154 166 156 157 167 170 166 162 131 158 155 151 151 157 158 158 162 152 140 144 156 151 152 149 155 156 154 151 150 148 152 166 162 150 153 154 154 162 160 160 159 156 157 161
163 160 156 168 166 163 158 159 158 154 158 155 156 161 161 159 161 164 160 163 161 159 156 157 161 163 164 168 168 167 170 168 163 158 167 163 162 153 155 155 151 150 157 157 161 157 158 159 162 161 154 165 160 164 168 172 167 151 141 162 159 154 158 153 152 152 158 162 159 148 155 152 149 149 158 154 156 155 152 150 153 158 158 156 155 154 162 163 162 154 160 157 149 152
164 165 164 166 162 165 167 162 161 161 161 161 165 159 159 164 163 161 161 164 163 163 164 168 167 169 170 168 166 163 168 167 162 169 166 162 161 159 156 154 152 153 155 154 164 155 154 155 161 162 158 165 168 165 173 174 173 166 117 160 160 155 149 155 154 155 154 153 154 157 155 150 149 148 154 155 152 158 153 153 157 158 154 158 159 163 167 154 159 158 162 164 160 156
161 160 161 166 165 164 163 165 167 163 162 161 163 158 166 167 166 164 169 164 162 163 168 168 167 161 167 170 168 162 164 161 159 171 170 168 158 157 160 155 156 157 153 156 165 159 156 154 157 167 159 160 172 165 170 174 173 176 118 138 159 155 151 150 144 153 155 155 153 153 159 147 151 153 158 161 153 152 152 160 159 157 155 155 161 169 172 153 149 163 162 163 163 158
160 161 162 160 162 166 163 163 163 161 163 163 163 167 163 167 170 173 169 167 170 166 171 169 168 160 167 171 173 169 170 168 162 164 171 173 175 173 169 166 159 157 160 167 166 158 155 160 160 168 162 165 173 172 176 174 175 134 155 142 124 141 151 154 151 152 152 156 155 151 156 155 154 154 154 156 152 153 154 161 156 156 165 157 164 169 172 170 168 164 167 166 162 158
160 165 164 158 162 162 163 167 160 163 167 161 172 170 167 169 167 175 168 168 174 175 175 165 173 172 172 172 174 175 176 170 162 163 170 171 173 172 178 172 166 170 172 167 169 155 167 166 162 169 167 163 170 171 172 177 173 133 141 159 154 155 141 146 154 151 155 157 157 153 151 151 156 156 151 158 154 155 155 163 157 159 161 160 165 165 172 172 167 167 169 164 157 156
170 163 163 165 165 158 160 165 165 166 171 169 169 171 170 173 175 170 169 170 176 171 172 177 174 176 177 175 171 167 173 175 170 172 172 170 168 172 175 174 175 174 175 172 167 161 169 173 169 164 169 165 173 174 170 178 167 119 156 159 159 160 162 153 142 149 154 156 156 154 152 154 152 155 156 156 158 159 157 160 160 160 162 164 162 167 169 169 168 170 169 164 161 158
171 170 160 165 166 170 165 170 165 167 162 169 172 171 170 168 173 170 174 168 173 177 176 168 178 178 175 170 170 168 170 173 179 176 176 175 172 171 172 171 177 176 174 171 174 168 168 173 170 166 171 171 170 168 168 176 148 162 156 161 159 163 166 160 145 149 156 157 153 156 158 157 152 156 159 159 159 162 161 162 160 162 165 164 162 165 170 171 171 166 167 164 163 161
173 172 168 173 169 165 169 168 172 169 168 169 174 173 174 169 168 171 172 171 179 175 179 171 178 175 174 172 170 173 169 172 175 174 173 173 173 175 173 171 176 175 175 175 176 174 177 177 174 175 170 158 142 150 175 165 162 167 160 170 166 165 163 161 154 148 156 158 155 158 157 158 157 149 160 160 161 158 162 164 167 162 164 166 166 168 173 173 165 161 167 167 166 163
177 176 173 172 165 166 172 172 173 171 171 169 175 172 172 174 172 174 177 175 170 169 174 173 176 175 175 173 171 173 172 173 171 170 174 169 172 175 178 177 174 175 180 180 181 176 178 179 178 182 169 169 167 164 165 166 161 162 166 159 166 165 165 161 160 151 156 159 158 159 158 159 158 150 156 160 160 162 161 163 165 163 167 169 166 168 170 171 162 167 166 161 164 163
164 164 172 176 168 170 173 177 166 168 174 177 178 175 176 178 178 174 174 177 172 180 175 179 175 172 172 176 174 171 173 175 171 173 176 172 178 179 176 179 177 179 180 181 180 172 164 136 152 156 146 164 170 166 164 165 169 170 167 162 165 164 166 165 162 162 136 159 160 158 158 157 160 151 161 162 166 167 163 163 166 163 165 168 168 165 168 168 168 167 166 166 167 165
158 165 166 174 168 170 173 174 173 171 173 177 176 176 178 179 175 176 177 174 176 172 175 182 179 171 175 173 175 171 177 173 174 173 176 175 174 176 180 180 179 179 178 169 170 154 140 166 171 169 173 176 174 172 170 170 169 168 171 167 166 165 167 167 165 165 140 158 164 162 154 153 159 157 162 162 167 167 164 166 168 167 165 169 168 168 169 168 164 170 167 165 167 167
158 172 177 170 170 176 177 177 178 173 178 178 178 177 179 179 174 175 172 176 178 173 173 177 173 168 172 175 176 174 173 174 180 174 171 170 173 174 171 173 173 175 171 158 136 125 170 175 176 171 166 172 167 169 169 169 167 169 171 164 171 169 171 169 166 165 148 156 162 159 158 161 160 157 160 167 165 164 165 163 165 167 165 170 168 168 169 169 168 167 166 169 164 168
166 176 174 173 182 181 178 176 179 175 175 177 177 172 175 171 179 171 176 175 175 173 170 171 170 173 173 172 173 172 172 172 175 173 173 171 167 172 170 169 167 166 138 140 176 171 176 176 172 169 166 171 170 169 169 168 170 169 172 174 171 170 170 171 168 167 157 149 161 161 160 161 161 162 152 166 166 162 165 163 168 166 167 167 166 166 168 169 168 166 166 168 170 170
166 175 183 176 175 178 183 181 181 178 177 181 175 178 175 176 179 177 177 178 174 167 170 170 171 174 171 174 172 164 170 172 170 174 172 170 171 170 178 179 129 161 175 177 170 169 171 170 170 167 170 171 170 170 169 169 170 170 173 160 172 170 172 167 166 163 154 146 161 165 157 159 160 162 154 161 165 169 166 167 164 167 165 166 166 167 169 169 170 169 165 169 170 169
170 177 176 166 164 165 163 174 175 179 173 173 177 178 177 178 181 176 176 178 177 172 173 171 171 173 170 170 169 172 172 172 171 171 172 178 178 174 175 150 157 178 177 176 173 165 165 162 171 171 174 171 174 169 170 174 172 166 173 174 170 169 170 164 162 163 147 152 158 160 162 160 160 162 159 158 164 167 165 167 167 165 169 167 167 169 170 168 167 169 169 168 166 167
166 172 172 168 167 170 167 170 174 177 178 179 177 179 175 173 178 179 180 175 174 177 175 177 172 173 173 170 167 167 169 169 174 171 175 166 155 154 134 130 178 176 177 173 170 168 166 174 172 174 170 174 174 176 174 174 173 171 175 167 176 172 166 164 161 163 161 148 158 163 163 163 161 161 164 154 166 164 166 166 167 166 167 167 169 169 170 168 168 169 169 170 168 166
166 173 174 170 169 167 168 178 181 175 167 173 174 170 173 176 175 174 175 176 175 178 177 174 172 174 168 171 169 165 171 178 167 152 127 151 178 184 178 176 184 172 169 167 168 171 175 170 170 168 169 168 169 170 169 164 170 172 178 171 170 170 170 169 165 166 162 151 155 161 164 163 160 162 163 152 156 163 166 164 166 164 165 169 170 168 167 168 166 165 170 170 169 167
168 173 178 178 173 168 173 171 176 174 175 172 173 177 171 175 178 179 177 177 175 172 176 173 172 176 175 174 174 175 175 163 135 155 170 180 180 180 176 173 176 176 167 163 171 176 171 164 169 168 168 174 170 172 169 166 168 171 173 161 170 170 171 166 165 168 168 155 156 160 161 161 160 163 162 162 151 163 164 164 162 164 165 164 170 168 168 166 166 166 166 171 170 170
172 172 176 174 171 173 175 169 169 174 173 177 182 176 176 173 175 174 171 174 175 177 177 174 178 177 170 165 163 171 149 171 174 179 176 174 179 177 171 174 180 176 168 171 169 166 172 171 172 177 178 171 170 168 171 174 178 168 168 169 174 170 168 166 167 166 158 160 162 155 162 161 162 163 160 160 154 152 157 159 163 163 166 169 163 167 169 167 165 166 166 169 170 173
173 171 174 175 180 176 174 169 177 171 171 173 178 174 178 179 177 175 173 174 173 172 176 172 173 173 176 168 136 133 158 181 177 173 173 175 176 175 173 173 175 173 167 171 166 172 173 176 171 173 172 163 166 171 170 175 181 176 171 178 180 174 173 175 176 168 154 163 167 156 162 160 160 163 160 162 159 148 161 159 162 168 165 169 165 163 167 167 162 165 168 167 168 171
173 173 171 176 177 176 171 171 176 170 171 167 170 176 176 176 177 175 169 176 176 173 174 175 175 177 171 140 156 181 179 174 173 172 176 174 174 170 176 172 171 172 169 172 170 169 174 175 178 177 171 174 171 171 168 159 168 170 178 178 186 179 181 186 180 165 151 165 165 163 156 164 162 160 162 162 158 152 157 158 158 166 167 167 169 165 164 168 164 161 159 166 168 171
172 176 176 172 172 169 171 172 172 174 169 166 166 173 175 173 173 173 171 169 179 176 178 174 178 183 158 181 181 183 178 172 176 178 176 174 173 172 171 175 175 177 174 168 173 173 171 173 181 176 176 170 177 176 171 175 177 174 177 179 180 181 182 178 176 170 153 166 166 164 153 164 165 162 162 159 159 162 158 159 160 165 166 167 168 163 164 165 165 160 157 160 165 168
170 171 170 168 168 167 170 171 170 166 170 169 166 166 175 174 177 181 175 172 177 178 175 175 139 163 176 179 182 179 180 176 188 185 187 179 169 175 173 172 175 175 173 177 176 172 173 176 175 173 179 165 168 176 172 181 180 173 176 172 177 180 179 174 173 170 154 168 167 166 163 161 162 164 165 163 161 160 162 147 155 160 163 166 170 171 172 162 159 158 162 167 163 167
173 168 166 170 172 169 167 173 175 169 166 168 168 171 179 178 176 175 172 178 168 146 127 136 183 183 175 178 180 182 180 178 175 173 175 175 169 172 175 173 176 175 177 177 166 169 178 176 170 175 166 170 182 176 173 182 179 179 176 177 173 174 175 171 171 166 158 169 165 167 158 161 161 164 167 166 164 162 163 159 158 162 163 167 171 171 168 164 168 160 164 171 165 166
157 162 170 175 165 150 167 170 168 166 167 167 170 167 172 172 173 167 160 140 138 158 169 180 185 180 178 184 180 180 183 180 176 179 177 170 176 173 168 167 172 172 172 179 181 180 177 176 170 171 164 175 182 180 178 175 172 179 181 179 171 173 172 175 172 158 166 169 164 161 159 161 167 163 163 165 165 164 165 158 152 162 162 164 169 170 164 170 166 166 164 163 167 166
163 167 167 163 164 167 143 146 164 169 172 169 173 171 177 174 163 138 158 179 180 179 178 177 180 178 180 184 181 181 180 181 176 179 172 173 171 169 167 165 169 168 172 173 174 172 170 174 177 175 173 160 177 175 177 180 177 170 173 176 169 171 172 182 173 162 171 167 164 160 158 163 163 165 163 165 166 164 164 162 158 162 170 165 170 172 172 170 170 166 162 164 163 164
165 169 169 170 171 170 172 171 153 161 169 176 177 179 161 146 163 176 176 178 178 179 176 180 178 176 177 181 178 178 178 172 174 176 180 178 170 165 166 168 172 173 174 176 171 177 175 174 176 174 164 153 160 174 185 183 179 171 170 174 170 170 173 178 173 163 170 172 168 167 157 167 168 165 165 164 166 167 164 163 163 163 162 169 169 172 171 169 165 162 162 166 167 162
170 169 171 173 173 176 174 169 165 148 169 173 176 163 138 177 181 175 176 182 183 181 183 180 179 178 179 183 181 181 177 175 173 175 176 173 177 173 171 170 166 172 173 173 177 176 178 175 172 175 161 159 159 181 187 189 176 170 168 169 168 168 175 174 166 160 171 167 174 176 156 164 166 164 168 169 169 168 165 165 165 166 163 167 168 170 175 167 165 164 163 93 161 162
170 173 174 173 175 175 174 175 173 169 154 168 172 168 162 171 175 179 182 184 188 180 179 179 181 182 182 181 180 177 180 176 174 175 168 177 170 167 172 169 171 168 171 174 171 178 179 171 174 172 162 171 173 168 171 182 175 171 169 172 170 174 175 169 155 166 163 169 172 169 164 158 169 174 173 173 171 169 165 165 165 166 166 162 168 171 170 165 163 164 165 160 161 159
173 176 175 174 178 177 176 178 174 171 173 163 171 172 173 157 174 176 184 182 184 177 181 180 181 181 179 180 176 178 181 176 176 173 171 177 169 165 173 173 170 172 170 171 175 177 176 177 177 173 166 177 182 180 177 175 180 171 171 180 181 174 170 167 155 170 177 169 167 165 165 164 161 173 173 170 166 167 168 166 165 168 167 164 166 170 171 170 163 164 164 170 166 161
172 172 177 177 177 171 174 179 178 174 168 173 173 166 170 173 167 168 158 159 163 174 175 176 175 176 177 179 179 176 178 174 176 169 174 175 177 170 166 171 168 167 170 170 172 176 177 172 171 171 170 172 181 180 180 180 177 172 183 178 175 173 175 167 136 169 174 168 168 167 169 165 162 168 169 169 167 167 166 168 170 171 168 167 166 171 168 168 167 163 165 164 169 159
173 174 177 167 173 172 175 175 179 175 170 169 171 176 171 175 172 183 177 175 175 164 173 172 178 175 176 174 172 182 174 179 176 172 167 174 172 169 167 169 171 174 173 175 169 174 176 174 165 175 177 174 179 178 179 177 171 170 179 182 181 175 172 166 133 165 171 170 167 170 164 165 172 163 169 170 169 169 171 173 171 173 172 169 170 170 170 168 166 163 162 165 167 166
175 173 176 176 172 179 176 179 179 178 173 170 171 174 174 176 180 174 175 172 171 175 162 173 173 179 176 179 180 180 177 182 178 167 169 178 177 166 170 170 172 173 165 169 170 172 177 174 173 171 172 167 182 185 183 175 170 172 176 177 174 168 165 165 151 162 167 167 151 159 178 180 176 169 170 169 169 171 168 169 171 173 171 169 167 167 167 169 167 164 161 162 167 167
