NDVI Matrices/GreenMatrix14.asc
ncols        129
nrows        129
xllcorner    0.000000000000
yllcorner    -129.000000000000
cellsize     1.000000000000
NODATA_value 0
[rows 50 to 99 of 129, columns 0 to 95 of 129]
70 68 63 70 74 73 74 80 75 74 76 74 69 70 68 73 79 79 75 81 75 74 79 80 80 72 76 80 90 90 88 88 84 89 90 85 85 67 81 86 85 85 92 83 74 82 92 93 94 91 93 99 97 95 95 82 64 57 27 5 4 31 34 81 76 71 76 58 58 61 69 73 50 52 59 67 83 86 88 88 86 89 92 83 82 80 88 84 87 89 86 82 75 87 80 78
67 70 68 72 73 79 80 79 77 77 74 76 74 71 72 81 83 78 82 79 81 82 87 77 74 78 78 80 88 86 88 89 88 90 90 93 89 84 84 88 85 87 89 84 87 91 96 96 92 97 96 95 97 97 97 86 59 66 48 40 7 31 65 83 79 78 76 71 62 55 53 57 64 78 69 86 86 86 88 90 86 87 84 85 82 83 86 85 71 82 83 82 92 89 87 74
63 80 80 75 73 82 83 84 73 74 76 77 74 73 81 83 85 77 77 76 75 80 79 75 79 82 81 85 81 87 82 80 83 90 87 83 88 89 89 89 88 81 94 92 86 92 99 98 100 99 97 95 91 95 89 93 85 74 64 56 35 20 79 77 76 81 71 68 74 60 77 59 83 86 79 85 87 80 87 84 81 86 83 78 82 89 86 87 86 77 70 80 88 87 81 88
66 49 81 88 80 82 87 89 83 77 86 85 78 76 70 80 80 68 72 79 82 76 74 76 73 84 79 88 90 84 86 86 84 87 82 91 94 94 64 63 87 90 82 88 95 93 84 84 94 97 87 75 82 91 94 89 81 78 75 78 86 79 77 78 82 66 75 66 66 42 69 84 81 88 98 90 87 82 80 82 84 85 84 81 81 82 84 80 73 74 74 79 82 80 80 78
86 89 88 90 83 91 88 86 90 92 90 89 88 81 78 82 86 80 77 86 87 84 84 89 83 81 85 89 85 83 78 79 82 80 78 76 96 93 79 77 90 82 81 83 72 92 91 97 98 83 95 94 95 93 93 87 81 87 75 78 85 93 93 71 78 78 79 82 59 53 82 89 85 88 91 88 86 90 83 80 80 80 84 81 82 87 84 90 82 82 83 78 82 82 81 85
83 89 88 88 91 91 84 88 93 94 88 91 91 82 80 85 84 81 79 83 78 71 86 89 85 89 85 87 86 81 70 78 84 81 86 93 91 88 88 84 84 81 85 88 84 84 81 80 86 99 100 96 96 89 86 82 85 86 82 85 89 84 91 92 80 80 74 76 59 81 90 87 85 86 91 86 87 90 90 79 77 81 85 70 66 79 87 85 84 88 85 82 81 79 79 77
86 90 85 85 85 92 88 90 94 94 94 94 91 87 85 80 82 87 82 67 75 83 88 88 82 71 74 77 48 58 49 67 83 89 85 93 97 91 84 78 85 91 89 94 86 92 90 87 93 94 88 90 91 84 85 88 92 95 97 95 93 64 79 89 75 84 79 74 54 87 88 88 88 79 90 86 89 89 79 79 80 84 82 84 85 83 87 91 89 86 86 85 76 78 88 83
81 87 79 83 83 95 91 79 92 98 87 89 92 91 63 67 86 84 85 85 83 86 88 84 79 80 74 80 78 55 59 87 89 84 82 89 90 87 85 88 89 86 99 103 104 103 98 100 101 98 96 92 89 81 89 104 102 98 87 90 96 85 85 89 82 90 87 60 80 83 85 89 90 90 91 86 81 85 82 82 81 82 88 88 92 91 89 91 89 84 89 76 78 86 86 89
82 82 70 85 93 91 92 86 91 91 90 88 89 95 91 80 84 84 83 82 87 89 85 93 80 79 80 64 66 63 61 82 87 80 87 89 82 89 91 82 88 92 96 100 93 94 98 94 93 92 91 84 82 92 96 101 95 97 91 87 96 86 87 86 86 90 90 69 85 86 84 83 84 86 90 90 83 84 82 85 79 87 89 90 87 92 93 94 91 89 93 86 84 79 83 87
82 88 86 82 77 87 90 76 73 89 79 84 88 84 89 86 76 80 87 95 95 88 91 95 89 58 40 56 85 91 84 88 86 93 92 83 83 85 88 61 85 92 93 97 96 100 95 95 97 93 90 87 98 98 94 92 97 98 97 94 99 99 98 95 90 81 74 70 83 73 85 91 89 85 89 90 88 85 87 89 85 86 85 88 90 92 92 92 92 89 90 88 87 87 88 85
82 82 86 85 86 83 78 52 87 90 78 74 76 76 79 88 88 88 83 85 69 77 93 78 48 47 36 52 66 86 81 83 88 93 94 95 90 78 81 58 88 89 104 108 104 101 86 89 89 91 93 98 98 95 101 101 99 97 97 93 94 72 68 94 92 91 79 69 93 89 81 88 92 93 91 90 94 86 90 94 94 88 89 90 91 92 87 91 92 88 88 88 85 88 87 86
73 83 85 84 91 90 88 86 64 79 80 73 88 90 91 91 83 66 46 71 92 91 81 83 69 73 50 75 86 93 93 92 70 89 81 95 94 91 89 93 92 97 98 102 106 102 96 93 95 99 99 101 98 98 98 100 96 93 94 94 90 86 81 95 95 94 64 83 92 91 82 89 91 92 90 89 96 90 90 86 92 91 88 93 90 89 88 92 95 91 90 86 87 86 84 86
78 82 77 83 89 84 87 83 89 86 79 89 92 88 91 89 89 84 68 32 79 89 93 91 75 97 95 94 95 93 91 88 88 94 99 98 97 94 89 89 77 88 104 100 104 101 95 90 97 99 96 94 98 101 101 99 95 99 99 98 89 86 92 95 92 91 75 90 91 88 95 94 91 91 88 94 95 94 92 90 90 85 86 95 89 92 93 91 92 92 92 86 88 87 84 87
70 76 80 84 88 86 85 78 54 86 87 83 74 64 84 82 85 83 88 81 90 87 87 96 97 87 90 67 57 90 95 96 101 101 100 98 96 94 95 97 86 98 101 103 101 96 97 103 103 99 96 102 102 99 101 99 98 99 98 93 87 85 90 86 72 71 82 88 88 93 95 94 93 88 93 93 92 94 93 93 89 85 92 90 93 91 94 92 95 94 93 85 85 89 85 87
77 72 86 90 94 89 81 76 31 48 77 84 73 62 70 79 86 81 89 81 89 93 92 94 82 92 100 100 86 96 92 103 98 95 98 102 100 102 97 98 96 103 98 99 95 95 102 106 102 104 102 102 98 102 100 103 94 85 90 90 94 99 96 84 70 82 92 90 91 92 94 93 93 95 95 92 92 94 95 90 91 94 88 88 91 93 95 89 92 94 91 81 85 85 87 86
81 75 91 93 88 90 88 88 67 57 59 66 67 80 78 69 92 86 86 80 69 77 97 98 89 93 102 101 96 91 89 94 102 102 101 97 99 99 97 104 103 101 95 88 100 104 105 105 87 89 103 103 99 101 100 101 95 96 95 95 96 100 96 88 95 73 93 90 91 95 90 92 92 94 97 95 96 93 94 93 97 95 95 90 88 94 93 91 94 89 88 85 82 84 86 86
73 83 89 95 93 88 90 84 83 82 82 61 65 71 74 82 86 96 88 87 98 100 100 102 91 97 88 86 78 63 88 92 97 99 104 101 90 90 97 103 98 94 99 105 111 107 89 95 101 98 101 104 100 105 100 90 82 74 87 97 98 99 94 75 69 94 86 85 91 93 91 86 93 93 93 96 95 97 95 94 98 97 93 90 91 94 94 94 88 89 90 85 85 85 80 76
71 83 84 86 94 86 85 84 80 60 69 80 75 86 73 79 88 85 85 86 95 98 97 101 100 94 90 100 101 95 96 98 100 110 107 104 95 90 95 88 94 94 106 106 110 113 92 91 91 94 100 101 102 100 96 81 93 86 79 90 90 94 95 79 91 90 84 82 93 91 92 85 91 94 93 92 95 97 95 93 99 96 91 91 94 95 94 93 90 92 92 87 87 79 81 86
78 89 89 90 91 90 88 87 91 83 76 79 73 71 85 83 92 90 93 87 77 50 72 101 103 96 93 93 99 96 83 89 107 101 102 101 102 97 105 98 95 103 90 104 105 110 102 103 103 102 102 105 102 100 98 89 96 89 78 75 77 88 83 80 92 91 92 85 91 91 92 93 93 93 94 93 94 94 94 96 100 95 92 92 93 87 91 91 91 89 90 87 88 74 85 83
75 78 85 91 85 85 94 90 87 90 90 82 84 79 90 91 92 97 96 98 60 50 88 99 100 91 93 97 89 89 97 96 105 102 95 89 77 89 95 96 92 93 108 106 107 108 97 98 98 99 101 104 103 103 102 64 93 90 99 83 97 96 95 88 88 93 90 90 90 93 93 93 93 94 92 92 93 96 94 99 99 94 93 93 93 90 94 92 93 90 88 85 87 78 87 88
68 78 85 93 92 91 93 89 92 85 79 81 84 87 88 89 91 98 92 93 98 98 100 85 92 88 91 94 97 86 105 103 99 93 73 102 95 95 93 94 96 90 97 100 100 102 102 99 97 100 103 99 98 98 91 79 89 92 97 100 94 94 94 84 88 91 57 84 94 88 92 92 95 93 88 91 92 94 95 94 94 90 92 95 91 90 94 90 92 93 88 88 87 80 87 87
86 74 90 96 96 91 94 93 91 91 84 85 89 89 80 91 95 94 75 92 97 92 90 93 101 94 92 86 84 97 96 96 91 102 98 100 96 90 96 92 90 97 96 99 100 104 92 50 97 102 105 100 102 94 80 67 94 94 103 102 88 87 94 85 86 88 78 81 91 91 94 96 93 91 90 91 89 91 92 94 96 92 95 92 93 95 96 95 93 92 89 84 81 88 86 83
77 87 85 88 85 91 90 88 97 97 92 86 87 91 100 95 98 96 98 100 104 101 98 99 97 101 102 103 103 99 88 97 102 98 104 103 94 95 91 86 93 104 104 107 109 104 99 103 101 103 101 103 99 92 77 77 94 94 99 90 93 84 86 94 96 94 93 88 89 89 91 94 94 90 89 88 90 89 88 90 94 96 94 95 97 97 96 97 92 93 91 89 84 89 83 87
77 83 89 100 95 98 93 86 94 97 97 89 79 91 96 98 100 92 77 89 103 100 92 100 102 93 95 94 102 101 94 83 96 101 104 99 95 95 89 101 104 104 104 104 109 108 99 101 103 104 106 100 92 94 94 79 88 100 91 90 86 97 94 94 95 93 90 84 90 86 91 93 94 96 94 88 91 90 86 94 91 95 92 95 96 97 96 94 95 92 90 78 82 89 86 84
77 84 86 87 96 94 93 93 88 96 48 75 100 96 99 101 103 105 94 102 98 84 71 106 99 89 88 100 101 94 92 92 95 101 98 96 96 94 102 107 106 110 112 109 114 114 111 111 102 106 108 105 93 98 101 58 82 96 99 92 95 97 99 91 90 91 94 97 90 94 95 96 88 88 94 92 94 91 91 93 93 90 94 96 96 97 97 96 95 91 88 85 82 88 85 90
78 84 90 86 100 95 91 93 96 98 90 88 99 104 103 95 93 100 96 106 95 92 94 104 107 104 102 99 102 98 90 103 100 84 97 97 103 98 108 109 107 111 111 109 114 114 114 115 106 96 106 106 95 101 103 66 59 97 97 94 96 51 81 93 93 86 90 92 92 94 90 92 90 92 93 95 94 92 92 96 96 87 93 93 96 97 97 96 94 91 89 89 86 82 85 87
75 80 94 93 97 97 95 102 101 96 97 90 94 102 93 97 104 96 101 99 100 102 101 97 104 103 106 101 103 95 96 98 104 99 102 109 110 102 105 106 108 108 111 110 112 112 115 115 114 112 107 101 92 104 101 84 54 97 100 91 99 98 90 92 90 93 95 94 94 92 95 96 99 95 91 91 91 95 94 93 95 95 96 93 95 96 98 94 94 92 91 85 91 92 85 88
75 91 95 100 103 103 90 96 96 79 82 94 93 98 100 102 106 102 100 104 103 105 104 107 104 97 99 104 106 100 91 94 99 104 107 108 110 103 104 109 108 103 108 110 105 93 108 111 114 113 112 96 104 106 103 91 55 93 100 96 95 98 88 97 98 99 97 87 96 96 89 89 92 94 91 91 93 94 91 92 94 94 95 94 96 97 96 91 88 90 94 90 92 93 92 83
80 86 95 102 101 101 104 106 103 103 102 98 92 86 101 104 103 93 93 96 101 105 102 99 108 105 98 100 101 95 95 97 97 105 105 106 101 96 110 109 96 101 104 110 109 111 105 105 107 102 95 102 103 104 103 94 63 98 99 96 97 99 98 94 90 91 82 82 90 92 98 90 90 91 90 85 86 91 93 89 93 97 96 97 96 96 94 93 94 95 93 92 94 92 94 92
86 88 92 83 87 93 101 104 103 103 102 96 100 100 102 104 99 99 98 99 101 95 101 107 110 109 105 102 104 104 106 98 103 105 107 108 107 100 109 111 110 109 107 106 108 113 109 105 106 103 95 110 102 102 102 93 61 93 103 99 94 96 96 91 87 87 90 90 90 89 100 98 96 91 86 83 84 86 91 91 92 95 94 95 97 96 97 96 96 95 95 89 90 94 95 94
89 79 78 82 83 94 101 96 100 94 98 99 99 100 102 101 101 101 105 96 101 98 103 110 105 108 106 102 105 106 105 98 98 109 105 109 91 99 108 110 113 109 110 104 103 104 105 110 111 105 102 107 98 104 104 96 57 94 101 94 94 96 94 92 97 98 96 95 96 95 95 98 100 90 90 86 87 88 87 91 94 95 96 95 92 97 96 94 94 95 96 96 94 92 93 94
84 94 95 90 84 81 91 94 77 83 87 95 101 98 98 99 98 105 106 103 91 95 92 100 95 100 104 101 95 101 106 107 104 101 91 85 97 99 109 107 111 112 108 109 106 113 111 103 98 104 109 108 107 107 102 107 56 90 102 97 88 97 95 96 98 99 97 93 90 99 99 98 97 97 93 88 89 88 90 90 95 95 93 97 98 96 96 96 94 93 94 95 93 94 96 94
98 99 98 104 103 96 84 85 78 78 84 90 99 99 96 97 99 95 88 90 94 95 93 103 98 92 88 95 97 96 103 99 103 98 94 102 98 105 110 110 112 109 110 114 113 110 106 103 111 112 114 108 110 110 106 108 80 90 103 105 99 92 98 90 96 90 95 97 97 96 98 98 99 98 95 92 88 90 91 89 95 92 93 94 95 94 94 96 97 90 94 99 94 92 96 97
96 96 103 103 101 98 92 88 92 95 93 88 90 96 98 100 93 91 102 100 98 87 70 83 89 91 96 87 91 98 99 89 84 88 94 106 106 103 106 111 109 108 104 107 100 94 93 101 109 108 111 105 112 101 101 99 96 75 101 108 102 95 99 99 97 95 95 96 96 99 100 100 105 100 97 91 89 89 93 91 95 95 92 92 92 95 95 92 96 96 93 93 90 97 98 96
99 99 102 99 84 97 99 102 105 99 100 100 94 91 87 87 100 99 101 98 102 91 87 96 93 96 96 88 96 98 103 99 91 92 93 100 99 97 104 106 106 101 104 104 94 104 99 104 108 108 110 109 112 98 100 97 90 86 102 106 101 96 100 99 97 96 99 95 101 104 99 103 98 98 93 91 87 92 92 94 95 96 92 94 90 96 94 91 92 93 93 97 95 101 98 96
95 100 104 97 103 109 105 104 104 105 98 102 109 102 97 89 107 108 106 105 105 102 94 85 97 93 96 93 99 100 101 98 104 99 90 95 102 104 105 105 102 108 110 104 102 108 108 112 105 110 111 115 111 101 101 95 85 77 105 107 105 99 103 99 87 101 105 98 99 103 102 101 100 95 99 92 92 91 94 89 91 89 87 92 90 95 92 94 98 91 96 95 95 101 99 98
91 102 101 98 100 98 102 105 89 100 104 105 105 100 89 95 106 112 106 99 98 94 95 99 98 96 90 91 93 93 84 96 101 88 89 92 103 105 107 106 108 111 107 102 100 108 108 111 111 107 110 114 113 99 101 97 92 71 103 108 107 99 99 99 98 97 101 99 101 100 104 101 97 98 97 95 93 93 93 92 93 91 90 93 95 92 93 92 99 98 98 101 101 101 103 101
95 99 107 103 97 100 102 94 95 101 109 108 103 99 94 102 79 96 95 99 100 100 98 94 99 99 96 100 91 87 88 85 93 89 90 97 107 105 97 104 104 107 111 110 110 110 108 108 110 109 109 103 101 102 103 103 109 66 91 106 104 101 97 92 91 96 96 98 97 101 102 98 100 100 96 100 93 98 94 90 90 95 95 95 97 94 92 96 97 102 103 101 102 103 105 102
99 103 99 102 101 97 94 100 104 107 107 109 105 101 91 94 102 89 94 100 88 88 89 98 101 101 102 100 95 99 81 89 93 88 93 101 104 101 108 107 111 109 106 108 110 107 108 104 112 112 108 103 99 104 105 108 110 84 84 102 106 105 98 94 92 94 96 96 98 102 99 105 100 100 100 98 94 98 96 96 99 97 101 94 94 94 97 92 98 95 100 102 100 102 106 103
107 104 106 109 109 104 89 96 103 107 99 90 105 98 110 105 87 88 92 97 95 91 91 98 96 98 102 91 89 98 94 92 97 101 99 98 99 107 112 108 114 112 109 108 108 111 114 112 106 104 106 103 103 101 103 103 107 107 69 107 109 107 101 98 92 96 95 97 95 100 101 100 98 101 100 100 90 93 98 98 96 98 97 99 94 96 98 97 96 96 99 103 101 104 108 106
103 105 113 112 108 102 97 90 106 105 89 104 98 104 105 103 104 104 108 104 104 100 91 98 96 100 101 92 93 97 101 98 99 98 96 96 102 101 102 102 104 101 108 108 107 110 110 106 108 108 109 100 104 102 108 107 104 107 69 106 106 102 98 97 97 92 99 96 97 97 99 102 99 100 98 95 89 99 100 101 96 99 101 98 96 96 97 98 97 98 98 104 101 102 104 103
109 116 118 110 108 103 102 94 88 91 101 97 95 103 104 105 104 101 104 103 99 93 101 104 104 97 97 93 94 96 97 106 103 101 95 94 99 94 98 95 91 94 101 105 101 100 103 105 110 109 100 105 100 102 102 109 114 106 72 107 104 102 98 102 99 102 92 92 94 94 101 101 102 103 100 99 101 97 102 102 102 105 104 96 95 93 95 96 98 98 101 99 100 104 103 101
102 106 107 105 108 101 102 112 110 110 106 102 105 102 107 103 103 101 102 103 95 104 101 106 102 94 93 98 103 100 96 103 99 99 92 98 98 97 94 93 94 91 93 98 108 109 109 107 110 109 102 106 103 101 110 114 110 110 77 110 103 99 97 100 100 101 102 98 85 84 101 99 100 96 101 105 105 94 97 101 105 104 108 96 93 93 96 99 98 101 105 96 104 105 104 103
107 104 104 110 106 105 112 108 110 111 110 100 104 103 101 99 97 97 102 104 98 106 101 100 96 95 97 100 105 103 106 111 104 97 101 98 94 91 91 92 96 91 96 97 99 100 102 104 112 107 103 104 106 108 109 116 113 100 84 114 109 101 99 97 97 93 99 106 108 95 98 99 98 99 99 104 103 104 106 106 102 101 100 97 96 97 102 100 101 104 107 104 99 96 99 102
105 115 115 116 112 111 111 110 110 107 101 108 110 108 109 109 103 101 103 99 100 105 104 103 103 106 106 98 101 94 103 104 96 108 105 98 94 91 91 91 92 96 98 97 108 100 102 101 103 105 106 105 113 109 118 123 115 109 65 110 108 102 97 101 95 100 102 104 105 108 103 96 102 102 105 104 102 107 104 102 109 103 98 98 97 103 103 92 95 95 107 108 106 95 92 96
108 114 111 114 104 107 109 105 108 107 102 108 114 105 103 111 108 105 108 104 101 102 106 104 103 98 98 101 95 95 103 101 96 106 105 102 96 98 100 99 98 98 97 98 105 105 102 102 106 112 107 106 114 111 114 121 121 115 67 87 105 104 100 98 94 103 102 101 103 104 109 90 100 101 109 105 103 101 102 108 106 106 98 98 98 103 109 92 84 102 101 108 108 100 97 95
108 109 107 106 100 110 111 101 105 104 99 106 108 108 107 109 109 109 102 99 103 110 109 106 106 101 105 103 99 100 103 102 94 93 101 101 113 107 107 108 105 101 97 100 108 106 103 106 105 114 108 107 118 117 121 121 119 77 93 84 75 89 93 101 100 100 102 105 106 105 107 99 102 104 101 101 100 100 102 109 105 104 104 99 98 107 111 111 109 107 109 110 106 98 97 95
113 112 110 105 106 113 105 105 105 105 112 108 114 111 103 114 113 106 106 101 107 109 114 110 110 110 116 116 115 115 111 105 92 95 105 110 110 113 111 111 111 110 106 105 111 102 113 110 107 114 116 109 114 120 120 123 116 75 88 105 101 92 78 89 103 102 105 106 108 106 104 99 102 103 100 104 101 99 99 104 101 100 107 104 102 101 107 113 108 111 113 106 99 96 99 97
110 121 118 112 108 107 104 108 109 106 108 111 112 107 111 115 111 110 108 108 119 117 109 119 118 111 112 98 100 101 105 111 104 108 114 114 112 113 115 115 114 110 112 112 106 100 115 118 113 108 115 111 122 121 118 118 100 68 96 108 105 108 109 96 89 100 104 107 106 105 103 101 88 99 106 105 108 107 102 106 106 107 105 105 102 105 106 108 112 110 110 107 98 95 100 98
120 121 117 117 118 111 107 105 105 103 105 110 108 112 110 107 106 105 107 109 105 108 105 101 108 101 99 105 110 108 107 108 107 102 109 122 121 113 116 113 115 116 111 109 111 115 112 119 112 109 115 119 117 114 114 111 81 103 93 108 106 107 112 108 86 103 101 105 105 106 104 105 92 98 108 106 110 108 102 102 105 105 106 102 102 104 109 114 109 109 108 106 104 103 101 104
