NDVI Matrices/GreenMatrix13.asc
ncols		30
nrows		30
xllcorner    -27000.000000000000
yllcorner    2099760.000000000000
cellsize	10000
NODATA_value	-9999
    0    0    0    0    0    0    0    0    0    0    0    0    0    0    0    0    0    0    0    0    0    0    0    0    0    0    0    0    0    0
    0    0    0    0    0    0    0    0    0    0    0    0    0    0    0    0    0    0    0    0    0    0    0    0    0    0    0    0    0    0
    0    0    0    0    0    0    0    0    0    0    0    0    0    0    0    0    0    0    0    0    0    0    0    0    0    0    0    0    0    0
    0   44  180   25   33   33   31    0    0    0    0    0    0    0    0    0    0    0    0    0    0    0    0    0    0    0    0    0    0    0
    0   44  180   25   33   33   31    0    0    0    0    0    0    0    0    0    0    0    0    0    0    0    0    0    0    0    0    0    0    0
    0   42  179   24   31   31   31    0    0    0    0    0    0    0    0    0    0    0    0    0    0    0    0    0    0    0    0    0    0    0
    0   40  179   21   28   28   30    0    0    0    0    0    0    0    0    0    0    0    0    0    0    0    0    0    0    0    0    0    0    0
  184   96  181  135  124  124   76   24  102   34   66   66    0    0    0    0    0    0    0    0    0    0    0    0    0    0    0    0    0    0
  183  129  187  169  163  163   83   26  104   36   69   69    0    0    0    0    0    0    0    0    0    0    0    0    0    0    0    0    0    0
  173  156  185  186  178  178  110  122  126   83   98   98  181  174   26  153  153  179  178  161   25    0    0    0    0    0    0    0    0    0
  151  177  176  187  169  169  158  159  172  150  161  161  181  174   28  153  153  179  178  161   27    0    0    0    0    0    0    0    0    0
  153  190  173  185  169  169  183  184  194  182  189  189  185  176  112  159  159  179  178  157  129  169  169  159   19   33  151  151  149   51
  181  194  176  182  178  178  185  194  189  179  181  181  192  179  161  172  172  178  177  150  165  170  170  160   21   36  152  152  151   55
  198  199  188  189  189  189  189  197  191  181  187  187  198  188  193  188  188  188  182  159  186  177  177  170  118   96  160  160  164   93
  203  204  209  206  202  202  196  193  200  190  207  207  203  202  206  204  204  207  191  187  193  193  193  193  182  172  177  177  192  176
  205  207  216  209  204  204  199  195  206  197  216  216  205  209  212  213  213  216  200  205  199  205  205  206  213  211  189  189  210  219
  206  209  210  197  195  195  197  205  210  202  211  211  205  211  213  213  213  215  208  214  206  212  212  209  210  208  196  196  216  219
  207  210  207  191  191  191  196  210  212  204  209  209  205  211  213  213  213  215  212  217  209  216  216  210  208  206  199  199  220  218
  206  211  208  192  191  191  195  210  211  202  209  209  204  211  212  213  213  215  211  216  209  215  215  209  208  205  197  197  219  218
  209  208  206  195  194  194  199  207  213  208  210  210  207  211  216  213  213  214  212  217  207  216  216  212  206  209  202  202  218  218
  217  202  202  202  200  200  207  203  216  220  212  212  212  212  226  213  213  212  214  221  205  221  221  216  200  218  213  213  218  219
  219  201  199  204  210  210  211  205  216  227  216  216  216  212  224  212  212  213  217  224  209  224  224  220  203  217  216  216  217  217
  217  204  198  199  225  225  214  211  212  228  223  223  217  210  212  211  211  217  219  225  218  224  224  221  214  207  214  214  215  213
  213  207  206  206  231  231  218  215  212  225  223  223  218  211  209  211  211  216  216  224  218  221  221  219  218  205  214  214  207  209
  207  211  224  222  227  227  224  216  217  218  217  217  217  216  214  214  214  210  207  218  209  214  214  213  214  211  215  215  191  205
  206  210  222  220  222  222  224  217  224  216  216  216  217  219  220  216  216  210  207  216  209  212  212  212  212  217  215  215  193  207
  208  204  200  200  216  216  221  218  232  218  219  219  218  221  227  219  219  213  215  217  220  215  215  214  213  220  213  213  211  216
  209  201  189  191  213  213  219  218  235  219  220  220  218  222  231  220  220  215  219  218  224  217  217  215  214  222  211  211  219  221
  209  202  191  193  214  214  219  219  235  219  220  220  218  222  230  220  220  215  219  217  223  216  216  215  214  222  212  212  218  220
  209  202  192  193  214  214  219  218  235  219  220  220  218  222  230  220  220  215  218  217  223  216  216  215  214  221  212  212  218  220