NDVI Matrices/GreenMatrix15.asc
ncols        129
nrows        129
xllcorner    0.000000000000
yllcorner    -129.000000000000
cellsize     1.000000000000
NODATA_value 0
[rows 55 to 109 of 129, columns 0 to 95 of 129]
65 67 65 68 66 68 60 68 73 72 71 73 74 67 63 69 68 70 68 64 53 51 60 66 57 59 58 60 59 55 52 49 59 56 59 56 54 54 55 53 54 55 60 56 54 50 49 46 47 56 57 55 54 51 48 48 48 49 52 54 55 50 56 54 51 50 49 52 36 49 60 51 48 51 56 55 55 57 43 44 45 45 46 45 47 43 44 45 44 48 47 47 48 44 41 38
66 66 63 62 68 73 65 66 73 71 74 71 69 70 71 70 65 67 70 55 61 65 64 65 62 48 47 52 41 44 36 41 59 60 55 58 64 60 54 55 56 58 60 54 54 52 53 51 47 55 53 53 53 49 48 49 51 53 53 55 53 51 46 54 46 51 50 51 35 57 56 56 55 48 59 56 57 56 45 47 47 45 49 56 47 47 46 49 51 45 44 43 43 43 43 43
58 61 52 57 68 70 70 60 70 72 68 68 74 74 54 59 71 71 74 63 68 65 70 68 58 56 50 55 54 46 41 64 59 58 56 62 61 59 61 56 59 57 62 59 61 56 50 58 59 58 57 55 54 47 52 58 59 52 47 51 54 52 47 54 54 52 49 39 52 47 54 57 54 56 57 55 54 60 48 54 54 53 61 58 54 50 53 54 50 47 47 40 44 48 46 49
62 63 51 59 66 72 71 67 66 68 70 70 74 74 75 69 73 71 72 70 73 73 72 71 66 65 55 46 48 43 47 56 61 57 59 58 57 57 61 53 56 59 57 58 59 52 54 52 53 54 53 50 50 53 56 57 51 53 53 54 57 50 51 52 48 53 56 51 56 56 55 55 53 47 56 53 54 59 57 54 54 54 56 58 55 54 55 53 51 50 52 49 50 46 46 49
63 66 65 60 59 68 70 64 60 68 59 63 66 72 75 72 66 68 72 75 76 71 72 70 64 50 33 41 59 60 58 63 63 66 63 55 54 51 48 43 50 58 58 54 55 61 56 57 54 54 50 52 60 55 55 57 58 56 56 57 59 55 56 55 57 49 51 48 57 50 54 62 61 52 62 58 47 57 58 59 48 55 55 58 57 53 56 53 53 51 50 47 48 48 50 47
63 65 65 61 65 66 64 44 71 69 64 58 64 60 68 74 76 74 70 70 56 63 74 58 37 35 31 38 50 65 59 61 64 67 62 66 56 50 51 40 56 55 68 66 64 66 54 57 59 54 56 61 59 55 59 61 65 67 59 63 52 50 42 58 57 62 48 49 61 57 54 63 61 61 61 56 57 52 59 58 65 56 55 56 54 52 57 52 50 51 50 45 47 51 51 51
58 65 64 68 70 67 66 65 47 65 67 61 72 76 70 69 68 49 47 57 71 73 67 66 58 52 41 50 61 69 69 67 61 60 58 62 63 61 59 60 59 63 57 60 68 65 56 55 58 63 61 64 63 57 56 55 60 62 59 59 52 60 51 63 73 55 43 60 56 63 52 60 65 63 67 65 67 63 63 59 60 59 58 51 49 58 52 57 54 59 60 51 53 46 47 48
61 63 57 64 69 70 66 64 68 68 60 75 80 78 74 72 75 71 57 28 64 71 74 75 58 66 64 65 69 71 68 64 67 68 67 64 63 64 62 58 51 58 70 66 67 63 60 58 61 68 64 56 61 59 60 71 72 64 60 59 55 55 57 57 66 62 49 54 62 61 54 57 58 63 66 67 64 64 64 61 61 60 59 58 51 55 56 61 56 59 59 55 52 51 48 49
54 55 59 68 73 71 66 62 45 67 74 72 71 49 72 75 72 72 77 73 73 70 72 74 77 68 68 60 46 66 70 70 70 68 71 67 64 59 66 68 54 63 68 68 63 61 60 67 70 66 63 60 67 65 61 66 67 67 62 61 56 66 63 65 53 52 51 63 56 56 59 61 63 64 65 67 64 64 58 58 62 59 57 54 51 51 54 47 55 54 57 57 53 55 52 53
58 55 62 70 73 76 71 68 36 41 68 74 70 57 62 70 76 71 71 68 71 73 76 72 68 70 73 72 68 73 70 75 70 65 67 70 68 70 71 67 67 65 64 67 63 61 64 68 67 67 67 62 62 63 68 70 69 58 60 58 62 64 59 54 45 48 56 59 58 57 60 59 67 64 65 69 68 64 62 57 59 58 59 50 51 51 53 49 48 56 57 50 57 58 55 58
60 61 67 68 68 69 71 71 60 44 44 57 63 70 71 62 73 73 72 65 60 63 77 77 69 65 75 77 69 71 68 70 75 71 72 67 66 68 76 74 71 68 64 61 70 73 73 66 55 56 62 67 62 64 65 68 66 66 68 58 60 62 60 54 62 45 57 61 58 61 59 61 67 65 62 63 62 64 57 62 58 60 59 53 54 54 56 55 56 55 56 58 54 53 55 54
47 60 65 67 72 66 71 69 76 79 76 57 55 62 66 75 74 76 78 77 82 80 78 76 70 70 63 63 58 50 67 68 72 73 72 69 60 62 68 67 67 67 68 70 73 71 53 55 60 60 64 63 67 68 59 60 52 52 66 70 63 63 59 51 46 67 55 61 61 61 71 57 64 57 54 56 56 63 55 52 60 55 61 59 50 54 56 53 56 56 57 55 57 51 53 52
48 60 60 64 72 59 63 65 68 51 50 72 69 72 65 72 76 77 77 73 74 79 76 76 78 71 64 71 72 72 72 72 70 78 69 71 60 65 68 62 67 67 70 73 74 74 53 56 57 55 60 63 61 63 57 52 64 59 56 62 62 61 70 61 65 55 49 52 61 62 59 55 64 64 52 55 56 63 58 57 58 58 57 50 55 55 57 58 57 56 57 54 55 52 53 56
58 64 66 66 70 66 72 69 66 70 65 68 66 61 72 72 74 75 79 76 64 42 58 80 80 76 73 73 73 74 60 54 75 69 67 68 66 62 67 65 67 72 63 68 68 69 61 61 62 67 62 65 62 65 60 56 68 65 56 49 51 56 52 55 53 62 57 51 58 58 61 64 58 65 59 57 53 57 56 56 58 57 63 60 57 54 54 52 56 53 60 60 59 51 54 51
57 57 65 70 65 58 66 72 64 71 67 64 76 74 77 74 80 77 79 81 47 41 63 79 76 75 76 77 68 66 70 67 76 68 66 57 53 54 61 71 63 62 68 70 70 69 58 60 60 61 62 61 62 68 66 44 66 62 61 53 62 58 59 56 62 58 57 63 59 63 63 68 63 57 57 57 56 57 54 54 52 54 56 57 57 57 59 60 59 59 57 61 59 53 55 53
55 58 66 73 76 76 74 65 77 73 59 61 64 71 75 80 70 78 71 72 74 75 77 75 75 68 74 73 71 60 76 77 72 63 49 77 72 74 69 70 68 65 68 68 63 66 63 58 57 61 63 59 59 61 60 56 61 62 64 60 62 65 60 58 63 66 39 58 59 58 63 68 62 62 57 57 57 54 52 53 48 53 54 56 60 60 56 60 56 60 58 60 60 51 57 57
62 56 69 73 74 77 79 78 76 76 69 76 71 75 75 75 74 70 55 68 75 73 69 77 81 79 70 66 67 73 72 74 70 79 74 78 75 72 67 68 63 77 70 64 69 67 57 39 58 66 67 61 64 59 52 45 65 65 66 62 56 55 60 59 60 55 53 48 64 59 64 71 63 63 58 55 53 54 53 48 47 55 58 55 51 49 49 58 59 59 60 54 56 56 55 53
58 68 69 73 73 76 76 75 74 79 85 69 75 76 75 75 74 73 71 75 76 78 76 82 79 77 76 76 79 70 67 72 70 73 78 77 74 78 67 63 65 77 72 74 74 72 68 66 64 66 64 64 67 60 55 51 64 65 62 62 57 55 62 62 61 60 59 58 60 59 62 62 58 54 60 54 52 51 60 53 59 50 55 45 46 58 57 60 60 60 60 55 54 57 51 54
54 67 70 77 78 76 77 67 77 80 81 74 63 76 74 76 75 74 61 66 75 76 74 80 76 69 71 74 76 73 66 62 70 72 75 73 72 74 67 74 71 71 72 73 73 69 60 63 67 67 67 68 59 64 64 58 59 64 58 56 59 60 61 64 63 58 55 54 60 56 61 61 58 56 56 55 53 54 53 56 50 60 48 46 49 51 51 54 52 58 52 49 54 61 59 56
56 66 65 72 75 74 76 75 74 65 40 54 76 73 73 78 74 74 64 70 73 60 49 77 72 69 69 77 75 68 69 69 72 73 67 68 69 69 74 74 72 75 73 75 70 74 68 68 67 69 71 71 62 69 69 44 58 67 65 65 61 65 65 63 57 56 58 60 60 60 64 62 59 55 55 55 53 58 54 49 49 57 56 49 52 53 63 57 59 58 57 57 58 60 53 57
53 67 71 72 80 77 76 75 76 78 64 74 75 77 80 76 72 80 73 71 64 69 70 75 81 81 79 79 78 73 65 76 77 60 70 69 74 69 73 74 72 72 75 72 73 74 68 72 68 64 70 74 65 71 71 50 42 68 67 66 65 35 63 64 61 64 55 62 63 59 65 63 58 57 56 53 56 54 50 49 50 51 52 53 52 55 55 55 54 60 59 61 61 59 55 56
56 63 73 72 75 74 74 77 73 69 76 76 76 77 74 76 78 74 81 77 75 75 74 77 76 81 81 78 80 75 74 70 73 73 75 80 78 69 72 70 72 74 72 72 74 73 69 70 67 70 72 70 66 73 75 58 40 65 65 62 63 62 61 64 61 56 63 61 63 61 66 69 67 62 57 58 57 57 52 60 51 60 53 50 55 53 53 53 53 61 63 53 63 62 52 54
54 65 70 69 70 71 66 72 69 67 68 83 78 76 75 74 78 77 77 79 80 75 76 75 73 75 75 81 82 82 76 70 70 75 77 77 72 70 69 74 72 71 70 73 70 59 68 67 71 71 72 67 75 72 70 61 42 61 66 60 62 64 58 62 65 60 59 61 66 68 61 63 66 64 59 58 60 56 55 62 61 59 52 54 55 55 54 53 54 55 56 60 61 61 56 53
55 62 71 68 67 70 75 76 71 73 75 81 77 70 78 79 81 71 75 76 73 77 71 72 76 79 75 81 81 80 71 67 73 76 75 74 69 66 75 80 68 68 68 71 68 69 67 67 67 68 67 71 70 67 65 63 45 66 67 64 63 62 64 62 59 63 59 64 67 64 68 65 66 62 62 61 57 57 59 64 60 62 63 55 55 54 55 53 58 56 57 57 56 56 60 64
59 61 65 60 60 62 69 78 76 76 73 74 79 78 77 78 77 74 80 76 71 70 74 76 77 75 74 77 78 81 76 69 70 77 76 71 67 67 78 81 75 73 75 72 68 74 67 65 67 68 68 76 72 72 70 61 48 62 68 67 65 65 68 65 67 64 70 63 65 63 71 74 70 63 61 59 58 61 58 62 62 63 59 59 55 59 57 57 59 58 57 58 57 54 56 58
60 55 51 60 62 61 64 65 75 75 73 80 78 80 74 74 73 73 80 70 74 75 76 75 70 73 72 77 77 74 72 66 69 76 73 72 67 66 71 76 79 78 77 74 69 67 72 69 75 72 69 74 68 70 72 66 43 62 67 64 63 65 67 69 76 70 68 69 68 70 69 70 66 61 61 59 59 60 60 66 64 62 58 55 55 57 54 60 58 58 62 59 58 56 55 58
60 67 62 66 56 53 61 64 54 59 67 71 73 72 75 75 72 75 72 72 63 69 69 67 65 64 67 70 69 67 67 66 70 66 63 61 62 70 69 69 74 77 74 76 74 77 77 72 58 68 79 73 70 74 70 67 44 62 72 65 62 64 68 73 68 73 69 69 68 66 74 74 71 69 65 61 61 58 60 57 66 66 56 57 56 66 62 70 61 60 59 56 61 61 60 63
65 72 69 68 67 62 54 60 53 54 59 69 74 72 73 77 75 67 62 59 68 68 60 71 71 63 59 61 67 65 68 65 63 59 57 64 61 68 68 66 67 68 72 72 75 78 66 63 73 76 77 71 73 77 69 68 56 59 70 70 68 64 71 68 69 68 69 66 70 70 71 68 67 66 67 68 62 61 59 60 56 67 63 57 64 61 65 68 67 56 57 63 61 59 57 57
70 63 67 68 64 64 59 56 62 63 65 59 63 64 71 66 63 67 71 72 68 63 47 60 62 61 62 57 58 64 65 59 53 55 55 67 62 63 64 69 72 71 70 67 69 62 63 68 71 71 72 74 73 68 68 68 67 53 72 79 73 65 69 66 67 68 69 71 72 73 75 67 74 71 63 59 58 58 50 54 68 68 55 63 61 63 69 63 60 59 61 61 55 56 52 60
69 67 68 66 62 65 62 66 67 70 64 68 60 60 59 61 73 71 73 72 72 67 63 65 67 64 64 57 64 69 70 63 56 58 55 67 59 58 63 66 72 68 66 67 64 69 68 70 75 67 71 78 71 65 68 67 63 60 74 78 69 68 70 67 68 69 67 66 73 81 67 70 64 62 56 60 57 50 58 59 61 65 59 66 62 61 64 66 58 54 60 62 61 61 59 63
66 65 70 71 69 69 68 68 67 68 66 64 70 69 66 60 76 76 76 77 73 74 71 61 68 66 67 67 63 68 67 68 68 69 62 67 59 63 71 68 68 70 68 68 70 69 75 76 68 73 78 81 75 69 66 66 59 51 70 71 76 66 67 62 64 64 68 62 68 72 72 72 69 67 66 60 58 63 59 61 61 60 67 62 66 65 69 63 63 58 60 64 61 57 66 65
62 64 71 67 68 69 71 71 60 69 68 67 65 67 64 64 75 75 73 68 69 69 72 69 68 72 64 64 71 67 68 70 69 62 63 65 69 74 69 70 70 70 73 71 70 75 68 65 67 64 70 77 77 66 66 67 65 47 67 74 72 66 65 67 66 67 65 62 67 68 71 67 66 59 61 61 65 70 64 63 60 61 63 70 69 67 67 63 62 63 58 62 60 58 64 59
64 63 69 68 71 68 71 63 64 68 72 73 67 72 61 66 52 68 71 72 74 74 68 69 75 68 68 70 67 65 68 65 65 62 64 70 70 64 65 67 69 61 74 75 77 77 73 74 74 72 74 74 68 66 68 69 70 46 59 74 70 74 62 58 66 67 68 67 68 73 69 63 64 63 60 65 59 68 61 60 60 63 65 62 64 61 62 62 64 65 61 58 58 62 67 61
72 66 72 72 72 71 70 64 70 70 68 70 69 69 63 61 68 65 72 71 70 62 63 72 73 68 67 67 59 68 65 61 66 58 67 70 69 60 64 68 74 75 71 74 75 72 67 69 74 70 67 66 66 69 64 69 71 56 59 72 69 68 67 65 66 68 68 67 69 70 68 69 62 63 68 66 62 62 58 60 61 62 57 62 61 65 65 60 63 65 59 59 59 63 64 64
72 73 74 76 73 74 64 70 66 63 70 61 68 66 72 66 62 62 66 71 70 63 58 64 58 67 63 60 57 63 62 61 66 64 70 62 61 62 63 64 70 76 63 76 76 70 76 75 65 72 70 72 60 64 69 68 72 73 49 69 71 74 72 68 64 66 66 68 68 71 68 63 61 65 64 67 62 55 55 58 65 65 64 60 65 61 64 59 61 59 57 63 65 67 67 65
69 78 76 75 78 74 73 69 70 69 66 73 72 69 70 70 72 74 70 71 78 68 58 58 66 66 67 62 60 57 63 66 65 62 68 60 63 59 58 64 57 62 65 73 74 73 73 69 63 71 77 69 67 69 77 71 73 71 53 75 70 73 71 66 68 64 68 70 62 63 67 67 69 60 63 65 60 63 63 65 65 67 63 63 65 59 60 59 57 63 62 64 62 61 59 66
73 75 77 78 76 75 71 71 66 68 72 75 74 73 70 72 73 73 74 72 64 62 70 67 66 69 70 67 64 58 63 62 62 69 67 61 62 59 57 55 57 57 62 76 73 66 61 57 60 63 66 74 73 66 69 71 74 70 51 74 72 74 69 70 66 68 63 61 63 66 65 64 68 61 65 64 64 59 61 63 65 66 66 61 64 61 59 66 68 63 63 68 68 63 66 62
69 68 69 73 76 76 76 76 76 74 73 69 73 74 75 75 75 74 72 70 66 62 58 69 71 64 66 66 63 59 65 70 61 68 70 65 64 61 60 57 62 60 57 56 75 68 69 67 78 77 72 71 71 69 71 76 71 79 55 76 68 69 71 68 69 67 70 66 59 66 68 67 62 63 62 64 61 57 60 62 66 71 71 66 64 62 58 65 66 62 65 61 61 64 62 59
72 73 72 72 75 74 76 80 76 74 72 64 71 73 73 73 67 68 71 71 58 59 59 67 68 68 68 68 64 72 75 72 70 66 72 72 66 57 60 61 61 70 67 67 64 61 66 72 77 75 66 70 65 74 77 80 71 72 54 80 74 65 68 68 70 64 67 73 68 61 60 66 65 61 66 62 62 67 64 71 71 69 73 67 60 59 68 66 66 66 65 64 62 62 61 60
76 77 78 75 75 77 77 71 72 74 71 68 70 69 71 72 68 71 70 68 69 68 71 73 75 72 74 68 74 67 67 69 69 74 71 71 67 65 65 64 70 70 69 70 76 68 66 65 69 63 68 66 70 68 77 81 75 68 45 71 68 64 59 64 65 68 70 68 70 70 68 60 62 61 66 68 64 68 68 68 65 65 67 67 67 68 70 61 63 58 66 67 66 67 60 60
78 76 76 77 75 72 70 75 76 70 71 72 74 73 70 78 74 70 75 71 70 69 72 70 73 70 73 74 68 66 72 70 67 69 75 72 70 65 65 64 71 71 71 71 75 71 65 67 67 63 69 63 68 66 68 78 71 71 40 49 67 66 59 63 59 67 69 71 71 67 69 59 67 68 67 67 67 64 65 70 68 70 70 66 69 73 73 64 63 68 66 68 71 65 62 60
75 78 76 73 73 70 72 69 74 73 71 69 74 77 74 78 78 75 69 70 74 70 72 73 72 70 75 74 71 73 74 68 67 64 73 76 78 77 65 73 72 70 72 72 70 69 66 68 65 67 65 68 71 68 72 74 75 51 58 51 44 56 58 68 66 65 69 70 68 68 67 64 67 68 63 67 66 66 67 72 68 74 74 67 70 80 71 68 73 70 70 69 68 64 63 66
78 78 75 72 73 71 68 73 77 76 71 72 77 79 75 80 76 77 71 72 75 76 73 73 72 75 78 75 73 76 72 70 66 68 71 75 73 78 78 77 75 74 77 74 75 70 72 68 63 64 68 64 70 69 72 74 73 53 56 68 57 56 49 58 65 65 69 64 68 66 64 65 68 70 65 69 66 68 69 73 72 71 69 71 72 77 75 71 71 69 69 68 68 67 67 68
81 74 80 77 75 69 71 73 79 77 79 78 75 74 74 84 78 73 71 72 76 76 73 76 75 73 73 66 61 57 63 70 65 73 77 69 78 78 76 76 76 75 78 76 71 62 72 69 69 68 71 73 78 75 69 74 67 45 63 66 63 67 66 55 57 68 65 68 66 67 66 68 62 67 68 69 72 69 68 72 76 69 69 77 73 71 72 73 69 70 69 66 63 64 67 65
78 77 79 81 80 77 76 77 75 78 76 75 78 72 73 76 80 77 77 77 79 76 74 65 71 68 68 57 61 58 58 67 69 71 69 74 74 73 79 77 76 75 78 70 65 67 68 68 66 70 72 70 70 70 72 71 60 64 59 71 67 67 67 68 57 66 67 67 68 71 68 73 67 67 71 68 71 70 72 76 73 75 71 72 73 74 75 78 71 70 65 69 69 65 66 66
81 76 74 77 78 82 80 76 74 78 75 77 80 75 78 75 76 75 76 75 76 78 77 70 69 72 75 73 67 65 63 66 70 69 68 70 70 76 77 78 79 82 76 72 72 70 72 69 70 72 74 62 58 59 74 63 67 64 64 66 67 70 66 64 65 58 66 64 70 72 70 70 69 64 71 73 71 73 76 71 70 74 78 81 75 77 77 75 70 66 70 70 69 67 68 68
74 80 74 81 74 79 80 81 79 76 79 78 76 79 79 77 73 76 76 76 75 76 75 73 72 69 73 73 69 69 69 72 72 72 77 70 73 69 78 80 78 81 79 80 89 79 72 80 72 78 61 70 76 71 72 70 68 65 67 61 69 71 69 68 67 65 62 67 68 68 68 67 73 65 70 73 71 71 74 72 75 72 81 74 73 76 77 74 68 68 68 66 69 68 68 67
76 76 83 79 76 73 77 74 76 77 78 78 77 76 76 75 74 75 75 76 75 75 72 77 74 73 74 72 74 71 73 73 74 75 76 75 77 75 74 79 80 81 87 82 79 77 70 53 57 59 60 80 79 77 75 75 72 74 76 62 68 70 71 70 70 71 51 69 70 72 70 68 69 66 72 73 77 79 72 73 71 70 73 76 79 77 79 77 69 69 67 70 67 68 67 67
74 77 77 78 78 79 80 76 79 78 81 78 74 77 77 77 73 69 72 74 79 74 73 77 77 68 74 77 74 73 73 70 73 76 77 78 77 79 77 82 81 83 81 79 73 62 55 64 72 79 81 81 77 80 79 80 76 76 75 66 72 72 74 72 76 73 63 70 75 70 66 65 73 66 78 73 78 78 73 75 74 77 73 74 76 79 79 76 73 69 69 69 69 71 66 70
73 76 76 80 79 72 78 80 82 79 80 83 75 80 77 77 71 76 73 75 73 71 71 74 70 64 71 77 74 72 74 77 75 73 74 78 77 78 77 78 82 80 74 63 57 51 73 79 80 80 75 75 73 75 74 75 74 72 76 68 73 70 76 72 73 73 64 70 70 72 70 66 68 69 74 80 73 72 71 75 72 76 75 78 73 76 76 77 73 68 68 69 69 68 72 74
73 75 74 80 80 77 77 79 81 82 84 82 79 81 81 81 78 70 74 75 68 68 70 71 67 70 71 71 79 73 75 77 78 77 75 76 73 73 69 70 69 70 53 51 76 79 78 82 82 80 78 78 76 80 77 75 77 73 74 71 73 77 78 74 78 72 69 68 69 71 69 73 73 76 61 74 77 74 76 74 75 75 73 73 72 74 74 72 72 71 70 71 71 70 72 74
75 79 75 78 82 83 74 76 81 76 85 82 76 77 77 87 78 73 71 80 72 69 70 72 72 73 74 74 74 72 72 81 81 75 75 78 79 77 83 78 46 60 77 77 76 73 78 78 78 77 78 75 74 80 80 79 81 74 77 65 74 76 78 76 79 76 69 58 68 72 66 63 66 71 64 72 74 75 73 74 76 73 72 74 74 74 76 76 74 74 70 68 68 68 69 70
75 74 75 75 74 78 78 78 75 78 79 79 77 76 76 84 79 73 72 80 72 71 69 72 73 74 74 73 75 78 76 77 78 78 76 83 82 75 75 60 53 70 74 72 70 72 72 72 79 75 77 80 85 81 78 74 81 78 78 73 75 75 78 73 73 76 67 63 65 70 69 69 73 71 72 67 75 75 77 77 76 70 76 76 73 76 74 78 75 72 73 69 68 69 71 71
71 71 79 76 77 79 80 81 77 81 81 80 75 74 73 82 76 83 80 84 73 73 71 76 77 77 78 76 75 73 74 79 81 79 76 72 59 56 48 49 75 75 74 72 70 69 75 76 76 78 81 82 83 79 82 77 79 76 80 68 79 77 78 77 75 71 70 63 64 69 74 75 74 72 72 66 75 75 74 75 74 71 77 75 76 76 77 76 73 70 72 71 69 71 73 70
72 71 78 74 74 76 81 86 82 79 76 74 73 77 74 81 83 82 83 82 73 76 78 73 79 79 73 77 75 73 78 79 70 58 45 60 74 79 83 78 80 70 68 68 67 72 71 71 72 71 74 72 72 72 70 72 71 73 78 68 77 76 72 76 72 75 68 61 64 68 68 71 68 70 69 64 67 73 73 74 75 74 70 75 76 79 76 73 72 71 72 71 70 70 70 68
