NDVI Matrices/GreenMatrix7.asc
ncols        129
nrows        129
xllcorner    0.000000000000
yllcorner    -129.000000000000
cellsize     1.000000000000
NODATA_value 0
[rows 84 to 125 of 129, columns 0 to 94 of 129]
154 152 149 138 128 137 138 141 140 135 135 133 124 121 120 123 141 140 142 139 142 135 133 138 139 142 143 137 141 144 147 135 132 139 140 140 139 138 145 147 145 144 139 143 138 144 142 138 143 141 143 143 147 141 136 132 124 128 145 141 133 131 137 137 130 132 137 133 143 148 146 145 137 135 129 131 129 131 130 129 130 128 130 132 130 132 131 132 139 135 132 131 129 132 133
148 145 148 148 143 142 142 141 142 141 134 133 140 138 135 131 148 152 152 149 145 144 139 129 142 139 141 143 146 143 142 141 141 146 136 139 146 148 147 149 141 143 142 143 143 145 146 145 144 146 149 155 149 143 134 136 121 120 144 142 138 134 139 132 124 132 140 138 140 145 146 146 142 135 136 134 136 133 134 130 130 126 131 135 132 133 132 140 139 133 133 135 133 133 137
135 137 145 146 140 138 142 142 127 136 137 134 136 140 130 131 149 149 143 139 146 142 142 142 142 144 142 139 144 136 133 141 142 137 137 135 143 147 147 145 147 148 146 145 143 139 146 148 146 142 144 149 145 136 136 130 126 117 145 143 140 133 136 138 140 138 137 138 140 146 152 145 140 134 133 133 127 126 131 132 131 133 132 135 138 135 134 138 137 134 133 137 136 136 146
134 138 145 152 147 138 140 133 133 136 142 137 138 145 135 143 121 136 144 146 144 149 150 147 147 149 145 141 139 135 138 138 141 137 139 144 148 146 141 147 149 151 146 145 147 144 143 141 147 144 146 150 146 141 137 136 147 105 137 147 144 141 133 130 135 138 134 137 137 150 153 141 136 135 129 132 132 130 130 130 128 126 131 128 130 137 139 137 135 141 138 133 137 144 149
141 140 140 149 147 135 135 139 140 144 140 136 139 143 137 137 134 135 145 146 140 139 141 148 151 152 152 143 140 143 140 142 146 143 145 148 151 151 152 150 152 144 136 142 143 137 141 139 149 149 149 147 142 140 137 149 155 128 153 146 146 139 132 136 137 135 132 135 142 145 147 150 136 136 134 131 135 134 134 133 131 127 132 132 140 143 138 133 138 138 137 136 142 147 148
149 149 153 153 149 142 127 138 137 141 138 134 141 148 151 146 143 140 146 148 149 143 142 146 144 149 151 144 136 148 149 152 152 156 153 149 152 155 153 157 153 148 149 148 147 143 148 151 149 149 148 135 136 141 140 144 149 151 112 145 145 144 138 141 139 139 134 137 138 144 151 145 135 136 136 133 133 133 135 135 132 136 135 141 144 135 140 137 137 142 142 146 146 149 152
154 156 152 151 146 149 140 132 138 135 135 146 144 149 147 155 153 154 153 152 156 148 140 144 150 155 148 143 145 151 155 155 154 151 150 150 152 148 148 146 149 151 148 148 147 147 152 150 150 153 147 145 150 150 155 150 147 152 116 144 143 141 137 132 137 138 138 138 138 140 150 148 135 135 133 134 134 138 142 140 137 141 147 149 141 136 133 139 139 148 149 148 149 147 146
154 161 161 155 152 156 148 132 127 132 142 150 139 143 154 151 157 153 153 156 152 146 149 151 153 152 152 149 146 149 155 156 153 151 148 150 151 144 144 143 146 143 150 151 147 148 149 140 150 153 138 151 140 142 151 151 160 154 122 149 142 144 132 140 145 147 142 142 138 139 150 142 138 136 136 135 137 140 141 138 139 145 152 138 144 138 138 142 149 148 150 150 150 149 146
146 154 153 156 156 158 153 151 149 146 148 147 147 152 158 158 158 155 155 151 146 152 148 152 152 147 150 151 153 155 156 158 154 148 147 152 151 149 145 145 141 140 148 148 151 154 149 146 152 152 141 152 143 144 157 160 157 155 118 148 144 140 136 143 147 145 151 141 132 136 147 139 137 134 138 142 143 135 138 140 142 158 153 137 142 142 142 148 150 152 149 150 149 152 146
152 154 152 157 155 154 150 152 150 148 151 150 147 155 151 151 153 154 154 153 153 149 149 149 150 154 153 159 158 154 158 159 155 151 153 157 154 145 142 143 142 141 146 144 150 147 149 151 155 147 140 153 147 154 157 160 159 142 133 154 149 141 143 138 141 136 147 151 150 137 143 139 134 135 142 141 144 142 141 142 147 150 147 146 145 140 150 155 153 146 152 149 143 142 143
157 159 156 160 161 157 156 153 159 158 156 155 153 154 154 156 157 154 155 155 157 154 156 158 156 158 158 157 155 152 158 155 151 156 156 153 151 149 146 145 143 144 141 147 156 146 144 145 153 152 148 155 158 156 163 165 163 158 109 148 144 147 136 141 142 145 141 143 142 147 142 138 136 135 141 142 143 146 141 142 150 149 143 148 147 153 158 145 150 147 153 155 151 145 139
152 152 152 156 157 154 155 154 157 159 155 155 154 154 157 158 160 158 160 159 155 157 157 158 156 154 156 160 157 150 157 157 152 161 159 154 148 148 149 145 145 149 144 147 156 152 146 143 151 162 151 151 164 158 159 166 163 171 105 127 144 144 138 139 133 143 145 145 139 140 145 132 136 138 144 149 141 140 140 150 150 148 145 148 152 160 162 146 140 153 152 153 155 147 142
153 152 152 154 154 152 153 155 153 154 151 154 157 159 160 160 162 162 159 163 159 158 160 161 157 150 158 162 159 159 160 157 150 149 159 161 160 162 164 158 150 148 152 159 157 149 144 149 151 162 153 158 166 160 163 165 165 125 141 137 116 135 140 140 139 136 139 143 144 138 143 140 142 141 139 142 138 141 145 152 149 148 156 145 155 163 162 160 159 155 158 158 156 148 144
152 155 154 150 152 150 154 157 154 152 154 153 160 160 161 161 162 164 158 161 161 161 162 161 162 162 163 161 162 164 164 161 152 153 161 158 164 165 168 163 158 163 162 156 159 147 158 153 153 162 160 155 160 159 161 169 165 120 134 147 145 149 132 134 141 139 145 147 146 140 140 140 145 142 138 143 137 139 143 156 149 150 152 150 156 157 163 163 160 157 158 153 147 147 147
159 161 161 159 158 153 152 152 156 153 156 161 161 162 160 169 166 163 160 158 166 163 166 166 163 164 166 164 161 156 165 161 154 164 162 159 159 158 162 165 165 165 165 161 158 148 158 159 158 154 158 155 162 163 163 167 155 113 149 149 149 150 154 145 132 137 140 143 142 142 141 141 140 142 143 147 147 149 147 151 150 152 151 154 154 158 162 161 161 159 160 151 148 146 148
162 162 161 159 158 155 154 155 157 156 156 162 162 160 160 162 163 163 167 160 162 166 171 166 166 166 162 157 155 159 159 164 166 161 166 166 165 158 158 162 167 165 164 159 165 160 160 163 158 157 160 158 159 155 159 165 135 150 148 155 150 155 156 149 138 142 146 146 144 145 149 147 144 145 146 147 150 150 150 153 151 154 154 156 157 157 162 162 161 156 155 151 151 150 155
164 164 160 162 158 158 158 160 162 162 162 163 164 159 163 161 159 163 163 164 169 168 171 165 166 160 159 155 159 158 154 157 162 161 160 165 166 161 158 163 163 164 164 163 165 164 169 167 165 166 159 148 134 140 167 155 153 159 152 162 157 158 155 152 145 141 145 147 146 145 142 147 147 138 151 150 150 149 150 155 157 154 156 160 160 161 164 161 151 148 154 156 157 157 157
161 166 164 161 158 161 161 165 163 162 163 163 165 164 164 163 160 165 163 167 168 171 167 165 165 158 158 158 155 159 158 159 157 158 157 162 164 161 163 166 165 166 170 173 173 168 164 169 170 174 154 158 158 157 156 157 152 151 156 154 158 155 154 150 149 140 147 149 149 149 148 148 148 140 147 153 149 154 152 154 155 155 157 161 159 159 163 162 152 157 151 152 155 157 151
165 161 167 173 163 161 165 167 162 163 165 169 169 163 159 162 164 162 165 170 165 169 164 166 158 156 155 159 161 158 157 162 161 161 160 158 169 166 166 170 167 168 169 173 172 163 155 127 144 142 134 153 159 157 155 156 155 161 157 153 160 155 157 154 149 150 130 148 153 151 146 146 148 141 151 151 154 157 152 156 158 152 154 161 161 157 156 158 156 156 157 155 155 157 155
156 160 158 168 166 165 165 166 168 169 170 169 166 165 166 166 162 168 170 167 167 160 161 170 162 158 162 159 161 158 165 160 162 161 159 163 163 164 164 169 169 168 166 157 161 145 130 153 157 158 163 165 162 162 160 158 154 155 158 155 158 156 156 153 152 152 131 150 156 156 147 146 147 145 155 152 157 158 157 157 160 159 158 159 162 160 158 155 153 158 153 153 158 152 153
156 166 165 168 173 168 171 167 166 172 172 171 168 160 161 170 165 168 169 170 161 160 158 165 159 158 160 161 162 162 163 167 168 164 161 161 161 160 163 158 157 164 159 147 126 119 161 164 165 162 158 158 154 158 157 155 151 159 158 155 163 162 157 153 155 152 133 149 156 151 145 150 152 149 153 159 158 155 157 155 157 158 157 162 161 158 158 157 162 155 155 157 155 153 160
153 168 166 169 176 172 169 170 169 171 174 172 168 166 169 168 173 165 172 167 161 156 155 157 158 159 156 159 161 162 162 161 163 162 160 160 154 159 160 159 156 156 132 128 165 161 166 164 160 159 157 158 160 160 158 159 157 159 160 164 161 161 159 155 157 156 144 142 154 156 145 150 150 153 141 158 159 156 157 156 162 160 160 160 155 156 158 164 163 161 154 154 157 156 163
146 158 172 166 170 172 175 173 171 174 173 178 171 174 171 173 173 172 172 171 162 158 157 158 159 160 159 160 160 154 156 165 163 159 161 161 159 158 166 170 122 151 167 165 160 158 157 160 157 157 156 159 159 160 161 160 158 161 162 147 161 159 158 154 159 152 137 137 156 160 151 150 149 157 148 155 157 159 157 159 158 160 158 157 158 160 162 161 164 158 154 153 157 157 163
154 159 164 163 158 157 162 171 172 176 171 169 172 170 171 175 174 171 172 171 163 161 158 158 159 160 158 155 159 160 158 163 164 154 159 168 165 162 163 143 146 171 168 167 160 160 159 158 157 161 164 161 160 160 162 162 158 159 159 164 158 156 162 155 154 153 139 147 153 156 154 151 150 156 155 150 157 159 157 155 157 157 160 159 159 158 162 160 161 164 159 154 156 155 163
157 155 159 161 163 161 158 164 163 170 171 171 174 174 175 174 169 174 174 173 164 162 158 166 160 160 160 155 156 156 159 160 161 161 162 154 142 146 128 125 170 168 166 162 158 157 160 164 163 163 163 164 165 164 163 161 160 162 164 156 164 163 158 157 151 151 149 146 153 157 159 152 152 156 154 143 160 155 156 156 155 158 158 154 157 158 161 159 158 163 162 159 155 156 160
157 158 158 160 163 158 158 169 174 169 157 166 170 170 176 171 171 167 169 166 164 165 163 160 158 159 156 158 157 155 163 167 157 145 122 146 169 177 168 170 175 163 159 157 155 159 163 160 160 157 160 158 159 161 157 149 154 161 167 158 161 163 161 158 154 156 156 143 149 157 157 155 157 154 155 146 148 153 154 154 155 155 152 160 161 159 155 157 157 155 165 159 157 161 157
160 160 167 169 171 162 164 168 173 166 167 169 167 168 168 170 171 172 170 166 164 162 163 158 158 163 158 162 164 166 165 157 130 142 158 169 167 171 168 167 171 163 155 149 160 163 160 158 157 159 161 166 159 161 158 154 155 162 166 155 161 162 161 154 156 157 163 150 152 156 155 151 153 155 153 149 144 154 157 154 155 155 155 155 163 157 156 155 159 162 162 157 157 159 157
158 166 170 165 166 171 172 167 168 166 167 172 176 172 171 166 165 167 161 163 162 165 164 162 167 163 155 154 154 166 145 162 164 169 166 159 161 165 162 166 171 164 160 166 161 159 161 162 160 166 167 166 161 162 161 159 166 158 158 159 167 160 160 156 154 155 155 154 155 147 155 153 154 156 148 152 144 147 149 155 157 156 162 164 157 155 157 160 158 162 157 158 164 160 163
165 167 171 170 170 172 168 168 170 167 169 168 172 173 174 173 167 163 165 165 164 162 160 163 162 160 157 158 131 126 150 171 165 163 163 162 162 163 163 165 168 162 159 164 161 162 162 166 166 162 161 156 158 163 160 161 170 167 164 168 171 167 169 168 162 159 147 159 161 153 157 157 152 155 154 154 149 139 152 150 156 163 158 163 157 157 158 162 159 158 155 158 159 161 169
164 164 166 166 171 171 169 169 175 163 174 160 167 169 167 167 170 166 162 166 169 161 156 158 162 162 165 136 147 172 171 163 163 163 163 165 165 162 166 165 163 163 166 161 158 159 163 162 163 159 155 166 158 164 163 152 159 165 168 170 175 171 174 180 175 155 145 161 161 159 152 157 156 152 155 157 147 140 150 149 151 157 160 159 157 154 157 161 156 154 157 158 162 166 159
161 167 170 168 161 164 170 169 169 169 168 167 166 168 165 163 163 163 161 162 169 163 160 163 165 172 150 169 173 173 167 161 164 165 167 165 161 163 163 168 167 170 165 163 162 166 167 161 170 167 166 159 167 167 162 168 169 166 166 170 172 175 176 169 167 159 145 159 159 159 154 160 153 155 158 155 149 151 147 148 151 153 157 156 159 154 156 158 156 153 153 149 157 156 159
160 160 163 162 161 162 165 165 167 162 165 162 164 161 167 166 170 173 166 160 166 168 164 163 131 154 166 169 173 171 173 163 174 174 176 169 166 168 164 162 169 170 169 168 164 171 163 168 164 162 163 153 158 169 164 171 174 165 168 159 166 172 169 158 158 159 147 154 158 160 158 157 156 158 158 155 157 152 155 137 146 151 152 157 164 166 167 158 151 151 154 163 155 158 163
164 162 162 163 160 163 160 167 164 161 163 160 165 161 167 172 168 167 163 167 162 138 120 129 169 169 165 160 169 170 169 166 163 160 163 167 167 167 164 166 171 167 163 163 161 163 170 168 162 163 151 158 171 168 164 170 167 167 162 162 161 157 159 161 158 155 146 159 157 157 155 157 157 155 157 155 155 156 156 152 149 152 155 159 164 166 165 159 171 158 159 166 159 156 162
157 160 161 166 157 149 163 163 165 161 164 161 168 162 167 167 167 160 151 134 130 149 160 166 174 167 162 166 162 166 165 169 165 168 169 170 170 167 168 162 165 162 164 165 170 167 168 160 165 158 151 162 170 166 167 161 160 170 171 165 159 162 160 165 160 145 159 158 157 152 153 152 159 154 154 155 158 157 155 151 143 155 155 157 163 167 163 160 160 163 156 160 165 159 155
152 158 162 157 160 164 138 144 161 164 167 163 170 167 171 173 159 136 147 170 169 168 165 165 168 164 167 169 168 167 167 169 170 170 164 166 166 164 164 160 163 159 162 164 164 166 166 167 164 163 166 153 170 166 163 169 170 162 165 164 158 161 158 171 162 156 159 157 154 150 154 155 155 156 154 156 156 155 154 154 154 154 162 157 161 158 163 165 164 157 157 161 157 158 155
160 164 163 166 167 165 168 169 151 158 162 169 168 175 158 145 152 164 161 160 161 171 168 170 167 162 165 165 167 161 167 168 164 164 173 171 164 161 159 163 164 169 164 171 164 167 168 168 166 166 155 150 153 163 178 176 172 162 159 160 158 158 162 168 162 158 162 157 157 156 151 160 157 155 158 157 158 156 156 155 154 156 155 158 160 163 164 162 160 153 157 152 160 151 157
159 162 164 168 169 172 170 163 161 146 163 169 174 161 136 167 165 161 162 165 167 168 173 167 164 166 165 167 159 166 167 163 165 165 168 169 170 168 164 166 160 170 167 161 168 164 173 171 162 161 156 155 156 167 175 178 166 162 155 154 156 159 167 163 156 154 158 155 166 167 151 157 157 156 160 159 162 160 155 155 157 158 153 159 161 160 164 159 160 157 150 82 154 156 158
160 161 162 167 170 171 167 166 170 166 151 171 170 167 158 167 161 163 161 165 174 163 166 169 168 173 172 169 173 172 175 169 169 165 160 168 161 157 162 159 162 163 170 171 162 171 169 162 170 168 160 163 163 157 160 169 162 162 157 161 158 165 167 160 146 155 158 161 166 163 156 152 162 166 164 162 163 156 154 156 155 158 156 155 160 159 162 160 157 158 159 155 157 156 155
166 168 165 168 170 167 169 172 168 168 168 162 169 168 169 149 164 164 166 164 166 162 171 171 170 170 171 172 171 172 171 171 169 165 163 169 160 156 162 164 165 170 169 170 173 174 173 173 173 170 157 170 172 167 167 165 169 160 156 168 171 165 162 155 145 163 172 166 159 155 156 155 154 164 164 161 160 157 158 156 156 158 156 157 158 162 159 161 155 154 157 165 163 155 156
169 168 167 171 170 165 169 173 172 167 164 172 167 165 163 161 145 157 148 146 147 160 166 165 166 163 166 170 167 171 169 172 169 160 160 163 165 161 162 164 164 165 166 166 170 167 168 166 165 165 164 162 170 168 169 169 168 161 169 165 163 165 163 155 127 163 170 166 166 157 162 157 157 163 160 159 158 154 156 155 160 160 158 160 160 162 157 160 155 155 157 158 166 155 157
167 166 172 162 168 168 171 171 172 171 169 163 163 165 161 167 160 172 160 162 167 155 167 159 168 167 168 167 165 170 158 168 160 163 158 164 164 163 161 167 166 171 167 170 168 164 166 167 158 166 171 164 170 168 169 167 159 158 168 174 174 166 163 155 125 157 164 165 164 164 155 156 165 157 161 159 159 159 161 160 160 161 162 159 159 161 163 159 156 155 156 159 166 161 161
167 167 173 171 168 171 168 170 174 171 167 160 161 160 163 164 160 157 165 160 162 165 155 165 166 168 166 167 172 175 164 171 167 158 161 163 165 155 166 165 163 168 157 163 164 162 168 165 165 162 163 159 173 180 174 164 159 164 166 166 161 159 158 156 136 156 164 164 148 158 168 172 170 161 162 164 157 161 158 155 161 161 158 158 156 160 161 164 159 158 155 157 159 163 161
